Rk,Player,Age,Team,Lg,G,PA,AB,R,H,2B,3B,HR,RBI,SB,CS,BB,SO,BA,OBP,SLG,OPS,TB,GIDP,HBP,SH,SF,IBB,Pos,Awards,Player-additional
1,Corey Seager*,29,TEX,ALWS,17,82,66,18,20,6,0,6,12,0,0,15,12,.303,.439,.667,1.106,44,0,1,0,0,2,*6,WS MVP,seageco01
2,Marcus Semien,32,TEX,ALWS,17,82,76,12,17,2,1,2,10,0,0,6,12,.224,.280,.355,.636,27,1,0,0,0,0,*4,,semiema01
3,Ketel Marte#,29,ARI,NLWS,17,79,73,6,24,7,1,2,11,3,1,6,18,.329,.380,.534,.914,39,1,0,0,0,0,*4,NLCS MVP,marteke01
4,Corbin Carroll*,22,ARI,NLWS,17,78,66,11,18,1,1,2,10,5,1,9,13,.273,.364,.409,.773,27,0,1,1,1,1,*9/8,,carroco02
5,Christian Walker,32,ARI,NLWS,17,75,60,7,13,5,0,1,7,6,0,13,19,.217,.360,.350,.710,21,0,1,0,1,1,*3,,walkech02
6,Evan Carter*,20,TEX,ALWS,17,72,60,9,18,9,0,1,6,3,0,10,19,.300,.417,.500,.917,30,0,2,0,0,0,*7,,carteev01
7,Nathaniel Lowe*,27,TEX,ALWS,17,72,66,10,14,2,0,3,6,0,0,6,22,.212,.278,.379,.657,25,0,0,0,0,0,*3,,lowena01
8,Jonah Heim#,28,TEX,ALWS,17,71,66,5,14,0,0,3,8,1,0,5,10,.212,.268,.348,.616,23,0,0,0,0,0,*2,,heimjo01
9,Lourdes Gurriel Jr.,29,ARI,NLWS,17,70,66,5,18,3,0,3,11,2,0,2,13,.273,.290,.455,.744,30,3,0,1,1,1,*7,,gurrilo01
10,Josh Jung,25,TEX,ALWS,17,70,65,13,20,4,1,3,8,0,0,3,19,.308,.329,.538,.867,35,4,0,0,2,0,*5,,jungjo01
11,Gabriel Moreno,23,ARI,NLWS,17,70,63,6,15,1,0,4,12,0,0,6,20,.238,.304,.444,.749,28,1,0,1,0,0,*2,,morenga01
12,Adolis García,30,TEX,ALWS,15,68,62,11,20,1,0,8,22,2,0,3,18,.323,.382,.726,1.108,45,0,3,0,0,0,*9,ALCS MVP,garciad02
13,Leody Taveras#,24,TEX,ALWS,17,67,57,8,10,1,1,1,3,4,0,10,13,.175,.299,.281,.579,16,0,0,0,0,0,*8,,taverle01
14,Tommy Pham,35,ARI,NLWS,16,64,61,10,17,3,0,3,4,2,0,2,19,.279,.297,.475,.772,29,2,0,0,1,0,*D/9,,phamth01
15,Geraldo Perdomo#,23,ARI,NLWS,17,63,51,10,14,0,0,2,4,3,2,7,16,.275,.362,.392,.754,20,0,0,5,0,0,*6/4,,perdoge01
16,Mitch Garver,32,TEX,ALWS,14,60,53,8,12,2,0,3,14,0,0,6,12,.226,.317,.434,.751,23,6,1,0,0,1,*D,,garvemi01
17,Alek Thomas*,23,ARI,NLWS,17,59,54,9,12,1,0,4,6,2,0,4,13,.222,.271,.463,.734,25,1,0,0,1,0,*8/H,,thomaal01
18,Kyle Schwarber*,30,PHI,NL,13,57,47,9,12,4,0,5,6,0,0,9,17,.255,.386,.660,1.046,31,1,1,0,0,2,*D,,schwaky01
19,Bryce Harper*,30,PHI,NL,13,55,42,14,12,0,0,5,8,3,1,13,11,.286,.455,.643,1.097,27,2,0,0,0,2,*3,,harpebr03
20,Trea Turner,30,PHI,NL,13,55,49,9,17,5,0,3,5,4,1,5,8,.347,.400,.633,1.033,31,0,0,0,1,0,*6,,turnetr01
21,Evan Longoria,37,ARI,NLWS,16,54,48,3,8,3,0,0,4,0,0,3,21,.167,.226,.229,.456,11,1,1,1,1,0,*5/D,,longoev01
22,Alec Bohm,26,PHI,NL,13,53,46,5,11,3,0,1,6,0,0,6,9,.239,.340,.370,.709,17,2,1,0,0,0,*5,,bohmal01
23,Nick Castellanos,31,PHI,NL,13,52,47,7,10,2,0,5,7,1,0,4,14,.213,.269,.574,.844,27,0,0,0,1,1,*9,,casteni01
24,J.T. Realmuto,32,PHI,NL,13,52,49,7,13,4,0,3,12,0,1,1,13,.265,.294,.531,.825,26,2,1,0,0,0,*2,,realmjt01
25,Jose Altuve,33,HOU,AL,11,51,49,11,14,3,0,4,6,1,0,2,4,.286,.314,.592,.906,29,0,0,0,0,0,*4,,altuvjo01
26,Bryson Stott*,25,PHI,NL,13,51,46,5,11,1,0,1,9,5,0,4,14,.239,.294,.326,.620,15,1,0,0,1,0,*4,,stottbr01
27,Yordan Alvarez*,26,HOU,AL,11,49,43,12,20,2,1,6,15,0,0,4,14,.465,.510,.977,1.487,42,0,1,0,1,2,/*D7,,alvaryo01
28,Alex Bregman,29,HOU,AL,11,49,41,10,9,1,1,4,7,0,0,7,10,.220,.347,.585,.932,24,0,1,0,0,0,*5,,bregmal01
29,José Abreu,36,HOU,AL,11,48,44,6,13,1,0,4,13,1,0,4,8,.295,.354,.591,.945,26,0,0,0,0,0,*3,,abreujo02
30,Kyle Tucker*,26,HOU,AL,11,48,40,4,6,3,0,0,1,0,0,8,10,.150,.292,.225,.517,9,0,0,0,0,0,*9,,tuckeky01
31,Johan Rojas,22,PHI,NL,13,45,43,2,4,1,1,0,0,0,0,1,15,.093,.114,.163,.276,7,0,0,1,0,0,*8,,rojasjo03
32,Brandon Marsh*,25,PHI,NL,12,42,38,2,13,4,0,1,4,2,0,4,15,.342,.405,.526,.931,20,1,0,0,0,0,*7/H,,marshbr02
33,Jeremy Peña,25,HOU,AL,11,42,40,1,8,1,0,0,1,0,0,1,6,.200,.238,.225,.463,9,0,1,0,0,0,*6,,penaje02
34,Martín Maldonado,36,HOU,AL,11,34,28,2,4,0,0,0,2,0,0,4,11,.143,.273,.143,.416,4,2,1,1,0,0,*2,,maldoma01
35,Michael Brantley*,36,HOU,AL,8,32,28,1,5,1,0,1,2,1,0,4,6,.179,.281,.321,.603,9,2,0,0,0,0,/7DH,,brantmi02
36,Chas McCormick,28,HOU,AL,10,31,28,1,8,0,0,1,3,1,0,2,5,.286,.355,.393,.748,11,0,1,0,0,0,*/78,,mccorch01
37,Mauricio Dubón,28,HOU,AL,8,26,25,3,8,0,0,0,2,0,0,0,4,.320,.308,.320,.628,8,0,0,0,1,0,*/8H,,dubonma01
38,Royce Lewis,24,MIN,AL,6,26,22,6,5,0,0,4,5,0,0,4,8,.227,.346,.773,1.119,17,2,0,0,0,0,/D5,,lewisro02
39,Jorge Polanco#,29,MIN,AL,6,26,21,2,4,0,0,1,3,1,0,4,8,.190,.320,.333,.653,7,0,0,1,0,0,/*45,,polanjo01
40,Carlos Correa,28,MIN,AL,6,24,22,1,9,3,0,0,4,0,0,1,5,.409,.458,.545,1.004,12,0,1,0,0,0,/*6,,correca01
41,Max Kepler*,30,MIN,AL,6,24,23,1,5,2,0,0,0,0,0,1,10,.217,.250,.304,.554,7,0,0,0,0,0,*/9,,keplema01
42,Ryan Jeffers,26,MIN,AL,6,23,19,1,2,0,0,0,0,0,0,2,8,.105,.261,.105,.366,2,1,2,0,0,0,/*2,,jeffery01
43,Edouard Julien*,24,MIN,AL,6,22,17,2,5,2,0,1,2,0,0,5,8,.294,.455,.588,1.043,10,0,0,0,0,0,/4DH,,julieed01
44,Robbie Grossman#,33,TEX,ALWS,7,20,19,1,2,1,0,0,0,0,0,1,10,.105,.150,.158,.308,3,0,0,0,0,0,/D7H,,grossro01
45,Emmanuel Rivera,27,ARI,NLWS,13,18,17,3,4,1,0,0,3,0,0,1,2,.235,.278,.294,.572,5,1,0,0,0,0,*5/H,,riverem01
46,Ronald Acuña Jr.,25,ATL,NL,4,17,14,3,2,1,0,0,0,2,0,2,2,.143,.294,.214,.508,3,0,1,0,0,0,*/9,,acunaro01
47,Ozzie Albies#,26,ATL,NL,4,17,15,0,4,0,0,0,1,0,1,2,3,.267,.353,.267,.620,4,1,0,0,0,0,/*4,,albieoz01
48,Willi Castro#,26,MIN,AL,6,17,15,1,3,0,0,0,1,0,0,2,6,.200,.294,.200,.494,3,1,0,0,0,0,*/78H5,,castrwi01
49,Matt Olson*,29,ATL,NL,4,17,16,1,4,0,0,0,0,0,0,1,1,.250,.294,.250,.544,4,0,0,0,0,0,/*3,,olsonma02
50,Austin Riley,26,ATL,NL,4,17,17,2,6,0,0,2,3,0,0,0,6,.353,.353,.706,1.059,12,0,0,0,0,0,/*5,,rileyau01
51,Marcell Ozuna,32,ATL,NL,4,15,13,1,2,0,0,0,0,0,0,2,4,.154,.267,.154,.421,2,1,0,0,0,0,/*D,,ozunama01
52,Orlando Arcia,28,ATL,NL,4,14,13,0,2,0,0,0,1,0,0,1,4,.154,.214,.154,.368,2,0,0,0,0,0,/*6,,arciaor01
53,Yainer Diaz,24,HOU,AL,7,14,14,1,1,0,0,0,0,0,0,0,5,.071,.071,.071,.143,1,0,0,0,0,0,/2HD,,diazya02
54,Michael A. Taylor,32,MIN,AL,5,14,13,1,2,0,0,0,0,0,0,0,5,.154,.214,.154,.368,2,1,1,0,0,0,*/8,,taylomi02
55,Michael Harris II*,22,ATL,NL,4,13,13,0,0,0,0,0,0,0,0,0,3,.000,.000,.000,.000,0,0,0,0,0,0,*/8,,harrimi04
56,Austin Hays,27,BAL,AL,3,13,11,1,3,1,0,0,0,0,0,2,3,.273,.385,.364,.748,4,1,0,0,0,0,*/7,,haysau01
57,Gunnar Henderson*,22,BAL,AL,3,13,12,3,6,0,0,1,2,0,1,1,4,.500,.538,.750,1.288,9,0,0,0,0,0,/*56,,hendegu01
58,Ryan Mountcastle,26,BAL,AL,3,13,11,1,2,1,0,0,2,0,0,1,4,.182,.231,.273,.503,3,0,0,0,1,0,/*3,,mountry01
59,Adley Rutschman#,25,BAL,AL,3,13,12,0,1,1,0,0,0,0,0,1,2,.083,.154,.167,.321,2,0,0,0,0,0,/*2,,rutscad01
60,Anthony Santander#,28,BAL,AL,3,13,11,2,3,0,0,1,1,0,0,2,0,.273,.385,.545,.930,6,1,0,0,0,0,/D9,,santaan02
61,Donovan Solano,35,MIN,AL,5,13,10,1,1,0,0,0,0,0,0,3,4,.100,.308,.100,.408,1,1,0,0,0,0,/*3H,,solando01
62,Mookie Betts,30,LAD,NL,3,12,11,1,0,0,0,0,0,0,0,1,2,.000,.083,.000,.083,0,0,0,0,0,0,*/49,,bettsmo01
63,Freddie Freeman*,33,LAD,NL,3,12,10,1,1,0,0,0,0,0,0,2,2,.100,.250,.100,.350,1,1,0,0,0,0,/*3,,freemfr01
64,J.D. Martinez,35,LAD,NL,3,12,10,1,2,0,0,1,1,0,0,2,4,.200,.333,.500,.833,5,0,0,0,0,0,/*D,,martijd02
65,Cedric Mullins*,28,BAL,AL,3,12,12,0,0,0,0,0,0,0,0,0,3,.000,.000,.000,.000,0,0,0,0,0,0,*/8,,mullice01
66,Max Muncy*,32,LAD,NL,3,12,11,2,2,0,0,0,0,0,0,1,4,.182,.250,.182,.432,2,0,0,0,0,0,/*5,,muncyma01
67,Will Smith,28,LAD,NL,3,12,12,1,5,1,1,0,2,0,0,0,1,.417,.417,.667,1.083,8,0,0,0,0,0,/*2,,smithwi05
68,Matt Wallner*,25,MIN,AL,5,12,8,1,0,0,0,0,0,0,0,3,5,.000,.333,.000,.333,0,0,1,0,0,0,*/7,,wallnma01
69,Alex Kirilloff*,25,MIN,AL,5,11,9,0,0,0,0,0,0,0,0,2,4,.000,.182,.000,.182,0,0,0,0,0,0,/*3H,,kirilal01
70,Pavin Smith*,27,ARI,NLWS,11,11,10,1,3,0,0,0,0,0,0,1,3,.300,.364,.300,.664,3,0,0,0,0,0,/HD9,,smithpa04
71,William Contreras,25,MIL,NL,2,10,9,0,3,0,0,0,0,0,0,1,3,.333,.400,.333,.733,3,0,0,0,0,0,/*2,,contrwi02
72,Aaron Hicks#,33,BAL,AL,3,10,8,1,2,0,0,1,5,0,0,2,1,.250,.400,.625,1.025,5,0,0,0,0,0,/9DH,,hicksaa01
73,Travis Jankowski*,32,TEX,ALWS,7,10,9,2,3,1,0,0,2,0,0,1,0,.333,.400,.444,.844,4,0,0,0,0,0,/9HD,,jankotr01
74,Cristian Pache,24,PHI,NL,4,10,7,1,1,0,0,0,1,1,0,3,3,.143,.400,.143,.543,1,0,0,0,0,0,/78H,,pachecr01
75,Christian Yelich*,31,MIL,NL,2,10,8,2,4,1,0,0,0,1,0,2,1,.500,.600,.625,1.225,5,0,0,0,0,0,*/7,,yelicch01
76,Mark Canha,34,MIL,NL,2,9,8,0,3,0,0,0,0,0,0,0,2,.375,.444,.375,.819,3,0,1,0,0,0,/*D,,canhama01
77,Sal Frelick*,23,MIL,NL,2,9,8,0,2,0,0,0,1,0,0,0,3,.250,.222,.250,.472,2,1,0,0,1,0,*/8,,frelisa01
78,Carlos Santana#,37,MIL,NL,2,9,7,1,2,0,0,0,1,0,0,2,2,.286,.444,.286,.730,2,0,0,0,0,0,/*3,,santaca01
79,George Springer,33,TOR,AL,2,9,9,0,2,0,0,0,0,0,0,0,0,.222,.222,.222,.444,2,0,0,0,0,0,*/9,,springe01
80,Jordan Westburg,24,BAL,AL,3,9,9,2,2,1,0,0,0,0,0,0,4,.222,.222,.333,.556,3,0,0,0,0,0,/*45,,westbjo01
81,Willy Adames,27,MIL,NL,2,8,7,0,4,1,0,0,1,0,0,1,2,.571,.625,.714,1.339,5,0,0,0,0,0,/*6,,adamewi01
82,Randy Arozarena,28,TBR,AL,2,8,8,0,3,1,0,0,0,0,0,0,2,.375,.375,.500,.875,4,0,0,0,0,0,*/7,,arozara01
83,Luis Arraez*,26,MIA,NL,2,8,8,0,1,0,0,0,0,0,0,0,0,.125,.125,.125,.250,1,0,0,0,0,0,/*4,,arraelu01
84,Josh Bell#,30,MIA,NL,2,8,8,1,4,2,0,0,1,0,0,0,1,.500,.500,.750,1.250,6,0,0,0,0,0,/*3,,belljo02
85,Brandon Belt*,35,TOR,AL,2,8,8,0,0,0,0,0,0,0,0,0,5,.000,.000,.000,.000,0,0,0,0,0,0,/*D,,beltbr01
86,Bo Bichette,25,TOR,AL,2,8,8,1,4,0,0,0,0,0,0,0,2,.500,.500,.500,1.000,4,0,0,0,0,0,/*6,,bichebo01
87,Cavan Biggio*,28,TOR,AL,2,8,8,0,1,0,0,0,0,0,0,0,3,.125,.125,.125,.250,1,0,0,0,0,0,/*47,,biggica01
88,Matt Chapman,30,TOR,AL,2,8,7,0,1,0,0,0,0,0,0,1,3,.143,.250,.143,.393,1,1,0,0,0,0,/*5,,chapmma01
89,Jazz Chisholm Jr.*,25,MIA,NL,2,8,8,0,0,0,0,0,0,0,0,0,4,.000,.000,.000,.000,0,0,0,0,0,0,*/8,,chishja01
90,Travis d'Arnaud,34,ATL,NL,3,8,7,1,1,0,0,1,2,0,0,1,2,.143,.250,.571,.821,4,0,0,0,0,0,/2H,,darnatr01
91,Yandy Díaz,31,TBR,AL,2,8,8,0,1,0,0,0,0,0,0,0,1,.125,.125,.125,.250,1,0,0,0,0,0,/*3,,diazya01
92,Josh Donaldson,37,MIL,NL,2,8,7,1,2,0,0,0,0,0,0,0,0,.286,.375,.286,.661,2,2,1,0,0,0,/*5,,donaljo02
93,Vladimir Guerrero Jr.,24,TOR,AL,2,8,7,0,1,1,0,0,0,0,0,1,0,.143,.250,.286,.536,2,0,0,0,0,0,/*3,,guerrvl02
94,Kiké Hernández,31,LAD,NL,3,8,8,0,3,0,0,0,2,0,0,0,0,.375,.375,.375,.750,3,0,0,0,0,0,/*68H4,,hernaen02
95,Alejandro Kirk,24,TOR,AL,2,8,6,0,2,0,0,0,0,0,0,1,1,.333,.500,.333,.833,2,0,1,0,0,0,/*2,,kirkal01
96,Isaac Paredes,24,TBR,AL,2,8,8,0,3,1,0,0,0,0,0,0,2,.375,.375,.500,.875,4,0,0,0,0,0,/*5,,paredis01
97,Harold Ramírez,28,TBR,AL,2,8,8,0,1,0,0,0,0,0,0,0,2,.125,.125,.125,.250,1,1,0,0,0,0,/*D,,ramirha02
98,Jorge Soler,31,MIA,NL,2,8,8,0,1,0,0,0,0,0,0,0,5,.125,.125,.125,.250,1,0,0,0,0,0,/*D,,solerjo01
99,Tyrone Taylor,29,MIL,NL,2,8,8,1,1,0,0,1,2,0,0,0,2,.125,.125,.500,.625,4,0,0,0,0,0,*/9,,tayloty01
100,Jake Burger,27,MIA,NL,2,7,7,0,2,0,0,0,0,0,0,0,0,.286,.286,.286,.571,2,0,0,0,0,0,/*5,,burgeja01
101,Bryan De La Cruz,26,MIA,NL,2,7,6,0,1,0,0,0,1,0,0,1,0,.167,.286,.167,.452,1,0,0,0,0,0,*/79,,delacbr01
102,Jason Heyward*,33,LAD,NL,3,7,7,0,0,0,0,0,0,0,0,0,4,.000,.000,.000,.000,0,0,0,0,0,0,*/98,,heywaja01
103,Manuel Margot,28,TBR,AL,2,7,6,0,1,0,0,0,0,0,0,0,2,.167,.167,.167,.333,1,0,0,1,0,0,*/89,,margoma01
104,Curtis Mead,22,TBR,AL,2,7,6,0,2,0,0,0,1,0,0,0,2,.333,.333,.333,.667,2,0,0,0,0,0,/*4,,meadcu01
105,Sean Murphy,28,ATL,NL,2,7,7,0,2,0,0,0,0,0,0,0,2,.286,.286,.286,.571,2,0,0,0,0,0,/2,,murphse01
106,Kevin Pillar,34,ATL,NL,4,7,5,0,0,0,0,0,0,0,0,2,3,.000,.286,.000,.286,0,0,0,0,0,0,*/7H,,pillake01
107,Eddie Rosario*,31,ATL,NL,4,7,7,0,1,0,0,0,0,0,0,0,3,.143,.143,.143,.286,1,0,0,0,0,0,*/7H,,rosared01
108,Chris Taylor,32,LAD,NL,3,7,6,0,1,0,0,0,1,0,0,1,2,.167,.286,.167,.452,1,1,0,0,0,0,*/7H8,,tayloch03
109,Jon Berti,33,MIA,NL,2,6,5,0,1,1,0,0,0,0,1,0,3,.200,.333,.400,.733,2,0,1,0,0,0,/*67,,bertijo01
110,Kevin Kiermaier*,33,TOR,AL,2,6,5,0,2,0,0,0,1,0,0,1,2,.400,.500,.400,.900,2,0,0,0,0,0,*/8,,kiermke01
111,James Outman*,26,LAD,NL,3,6,5,0,0,0,0,0,0,0,0,1,3,.000,.167,.000,.167,0,0,0,0,0,0,*/8,,outmaja01
112,David Peralta*,35,LAD,NL,3,6,6,0,1,1,0,0,0,0,0,0,1,.167,.167,.333,.500,2,1,0,0,0,0,*/7,,peralda01
113,Miguel Rojas,34,LAD,NL,3,6,6,0,2,0,0,0,0,0,0,0,0,.333,.333,.333,.667,2,0,0,0,0,0,/*6,,rojasmi02
114,Daulton Varsho*,26,TOR,AL,2,6,5,0,0,0,0,0,0,0,0,0,3,.000,.000,.000,.000,0,0,0,1,0,0,*/78,,varshda01
115,Taylor Walls#,26,TBR,AL,2,6,6,0,2,0,0,0,0,0,0,0,1,.333,.333,.333,.667,2,1,0,0,0,0,/*6,,wallsta01
116,Adam Frazier*,31,BAL,AL,2,5,5,0,0,0,0,0,0,0,0,0,0,.000,.000,.000,.000,0,0,0,0,0,0,/4H,,fraziad01
117,Josh Lowe*,25,TBR,AL,2,5,4,1,1,0,0,0,0,0,0,1,0,.250,.400,.250,.650,1,0,0,0,0,0,/9H,,lowejo01
118,Jorge Mateo,28,BAL,AL,3,5,5,1,4,2,0,0,1,0,0,0,1,.800,.800,1.200,2.000,6,0,0,0,0,0,/*6H,,mateojo01
119,Ryan O'Hearn*,29,BAL,AL,3,5,5,0,1,0,0,0,0,0,0,0,1,.200,.200,.200,.400,1,0,0,0,0,0,/HD,,ohearry01
120,René Pinto,26,TBR,AL,2,5,5,0,0,0,0,0,0,0,0,0,4,.000,.000,.000,.000,0,0,0,0,0,0,/*2,,pintore02
121,Jesús Sánchez*,25,MIA,NL,2,5,5,0,1,0,0,0,0,0,0,0,1,.200,.200,.200,.400,1,1,0,0,0,0,*/9,,sanchje02
122,Brice Turang*,23,MIL,NL,2,5,3,0,0,0,0,0,0,0,0,1,2,.000,.250,.000,.250,0,0,0,1,0,0,/*4,,turanbr02
123,Kyle Farmer,32,MIN,AL,3,4,4,1,1,0,0,1,2,0,0,0,2,.250,.250,1.000,1.250,4,0,0,0,0,0,/5H,,farmeky01
124,José Herrera#,26,ARI,NL,2,4,3,0,0,0,0,0,0,0,0,1,0,.000,.250,.000,.250,0,0,0,0,0,0,/2,,herrejo04
125,Kolten Wong*,32,LAD,NL,3,4,3,0,0,0,0,0,0,0,0,1,0,.000,.250,.000,.250,0,0,0,0,0,0,/*4H,,wongko01
126,Jake Cave*,30,PHI,NL,3,3,3,0,1,1,0,0,0,0,0,0,1,.333,.333,.667,1.000,2,0,0,0,0,0,/HD,,caveja01
127,Jose Siri,27,TBR,AL,1,3,3,0,0,0,0,0,0,0,0,0,0,.000,.000,.000,.000,0,0,0,0,0,0,/8,,sirijo01
128,Junior Caminero,19,TBR,AL,2,2,2,0,0,0,0,0,0,0,0,0,1,.000,.000,.000,.000,0,0,0,0,0,0,/*H6,,caminju01
129,Santiago Espinal,28,TOR,AL,1,2,2,0,2,0,0,0,0,0,0,0,0,1.000,1.000,1.000,2.000,2,0,0,0,0,0,/4H,,espinsa01
130,Nick Fortes,26,MIA,NL,1,2,2,0,0,0,0,0,0,0,0,0,1,.000,.000,.000,.000,0,1,0,0,0,0,/2,,forteni01
131,Jordan Lawlar,20,ARI,NLWS,3,2,1,1,0,0,0,0,0,0,0,1,0,.000,.500,.000,.500,0,0,0,0,0,0,/H6,,lawlajo01
132,Whit Merrifield,34,TOR,AL,2,2,1,0,0,0,0,0,0,0,0,1,0,.000,.500,.000,.500,0,0,0,0,0,0,/*H7,,merriwh01
133,Jace Peterson*,33,ARI,NLWS,3,2,2,1,0,0,0,0,0,0,0,0,0,.000,.000,.000,.000,0,0,0,0,0,0,/H5D,,peterja01
134,Jon Singleton*,31,HOU,AL,2,2,1,0,0,0,0,0,0,0,0,1,1,.000,.500,.000,.500,0,0,0,0,0,0,/H,,singljo02
135,Jacob Stallings,33,MIA,NL,2,2,2,0,0,0,0,0,0,0,0,0,0,.000,.000,.000,.000,0,1,0,0,0,0,/*2,,stallja01
136,Ramón Urías,29,BAL,AL,1,2,2,0,1,0,0,0,0,0,0,0,0,.500,.500,.500,1.000,1,0,0,0,0,0,/5,,uriasra01
137,Jesse Winker*,29,MIL,NL,2,2,2,0,0,0,0,0,0,0,0,0,1,.000,.000,.000,.000,0,0,0,0,0,0,/*H,,winkeje01
138,Jonathan Aranda*,25,TBR,AL,1,1,1,0,0,0,0,0,0,0,0,0,1,.000,.000,.000,.000,0,0,0,0,0,0,/H,,arandjo01
139,Austin Barnes,33,LAD,NL,1,1,1,0,0,0,0,0,0,0,0,0,0,.000,.000,.000,.000,0,0,0,0,0,0,/H,,barneau01
140,Byron Buxton,29,MIN,AL,1,1,1,0,0,0,0,0,0,0,0,0,0,.000,.000,.000,.000,0,0,0,0,0,0,/H,,buxtoby01
141,Xavier Edwards#,23,MIA,NL,1,1,1,1,1,0,0,0,0,0,0,0,0,1.000,1.000,1.000,2.000,1,0,0,0,0,0,/H,,edwarxa01
142,Vaughn Grissom,22,ATL,NL,1,1,1,0,0,0,0,0,0,0,0,0,1,.000,.000,.000,.000,0,0,0,0,0,0,/H,,grissva01
143,Yuli Gurriel,39,MIA,NL,1,1,1,0,0,0,0,0,0,0,0,0,1,.000,.000,.000,.000,0,0,0,0,0,0,/H,,gourryu01
144,Garrett Hampson,28,MIA,NL,1,1,1,0,0,0,0,0,0,0,0,0,0,.000,.000,.000,.000,0,0,0,0,0,0,/H,,hampsga01
145,Austin Hedges,30,TEX,WS,1,1,1,0,0,0,0,0,0,0,0,0,1,.000,.000,.000,.000,0,0,0,0,0,0,/2,,hedgeau01
146,Andruw Monasterio,26,MIL,NL,2,1,1,0,0,0,0,0,0,0,0,0,1,.000,.000,.000,.000,0,0,0,0,0,0,/*4,,monasan01
147,Edmundo Sosa,27,PHI,NL,2,1,1,0,0,0,0,0,0,0,0,0,0,.000,.000,.000,.000,0,0,0,0,0,0,/H6D,,sosaed01
148,Forrest Wall*,27,ATL,NL,2,1,1,0,0,0,0,0,0,0,0,0,0,.000,.000,.000,.000,0,0,0,0,0,0,/H78,,wallfo01
149,Bryan Abreu,26,HOU,AL,9,0,0,0,0,0,0,0,0,0,0,0,0,,,,,0,0,0,0,0,0,/*1,,abreubr01
150,José Alvarado*,28,PHI,NL,8,0,0,0,0,0,0,0,0,0,0,0,0,,,,,0,0,0,0,0,0,/1,,alvarjo03
151,Shawn Armstrong,32,TBR,AL,1,0,0,0,0,0,0,0,0,0,0,0,0,,,,,0,0,0,0,0,0,/1,,armstsh01
152,Bryan Baker,28,BAL,AL,1,0,0,0,0,0,0,0,0,0,0,0,0,,,,,0,0,0,0,0,0,/1,,bakerbr01
153,José Berríos,29,TOR,AL,1,0,0,0,0,0,0,0,0,0,0,0,0,,,,,0,0,0,0,0,0,/1,,berrijo01
154,Christian Bethancourt,31,TBR,AL,1,0,0,0,0,0,0,0,0,0,0,0,0,,,,,0,,0,0,,,/2,,bethach01
155,Cody Bradford*,25,TEX,ALWS,5,0,0,0,0,0,0,0,0,0,0,0,0,,,,,0,0,0,0,0,0,/1,,bradfco01
156,Kyle Bradish,26,BAL,AL,1,0,0,0,0,0,0,0,0,0,0,0,0,,,,,0,0,0,0,0,0,/1,,bradiky01
157,Ryan Brasier,35,LAD,NL,1,0,0,0,0,0,0,0,0,0,0,0,0,,,,,0,0,0,0,0,0,/1,,brasiry01
158,Huascar Brazobán,33,MIA,NL,1,0,0,0,0,0,0,0,0,0,0,0,0,,,,,0,0,0,0,0,0,/1,,brazohu01
159,Hunter Brown,24,HOU,AL,4,0,0,0,0,0,0,0,0,0,0,0,0,,,,,0,0,0,0,0,0,/1,,brownhu01
160,Brock Burke*,26,TEX,ALWS,2,0,0,0,0,0,0,0,0,0,0,0,0,,,,,0,0,0,0,0,0,/1,,burkebr01
161,Corbin Burnes,28,MIL,NL,1,0,0,0,0,0,0,0,0,0,0,0,0,,,,,0,0,0,0,0,0,/1,,burneco01
162,Génesis Cabrera*,26,TOR,AL,1,0,0,0,0,0,0,0,0,0,0,0,0,,,,,0,0,0,0,0,0,/1,,cabrege01
163,Yennier Cano,29,BAL,AL,2,0,0,0,0,0,0,0,0,0,0,0,0,,,,,0,0,0,0,0,0,/1,,canoye01
164,Miguel Castro,28,ARI,NLWS,8,0,0,0,0,0,0,0,0,0,0,0,0,,,,,0,0,0,0,0,0,/1,,castrmi01
165,Slade Cecconi,24,ARI,NL,2,0,0,0,0,0,0,0,0,0,0,0,0,,,,,0,0,0,0,0,0,/1,,ceccosl01
166,Aroldis Chapman*,35,TEX,ALWS,9,0,0,0,0,0,0,0,0,0,0,0,0,,,,,0,0,0,0,0,0,/1,,chapmar01
167,JT Chargois#,32,MIA,NL,1,0,0,0,0,0,0,0,0,0,0,0,0,,,,,0,0,0,0,0,0,/1,,chargjt01
168,Danny Coulombe*,33,BAL,AL,2,0,0,0,0,0,0,0,0,0,0,0,0,,,,,0,0,0,0,0,0,/1,,couloda01
169,Chris Devenski,32,TBR,AL,1,0,0,0,0,0,0,0,0,0,0,0,0,,,,,0,0,0,0,0,0,/1,,devench02
170,Jake Diekman,36,TBR,AL,1,0,0,0,0,0,0,0,0,0,0,0,0,,,,,0,0,0,0,0,0,/1,,diekmja01
171,Seranthony Domínguez,28,PHI,NL,6,0,0,0,0,0,0,0,0,0,0,0,0,,,,,0,0,0,0,0,0,/1,,dominse01
172,Dane Dunning,28,TEX,ALWS,5,0,0,0,0,0,0,0,0,0,0,0,0,,,,,0,0,0,0,0,0,/1,,dunnida01
173,Jhoan Duran,25,MIN,AL,4,0,0,0,0,0,0,0,0,0,0,0,0,,,,,0,0,0,0,0,0,/1,,duranjh01
174,Zach Eflin,29,TBR,AL,1,0,0,0,0,0,0,0,0,0,0,0,0,,,,,0,0,0,0,0,0,/1,,eflinza01
175,Bryce Elder,24,ATL,NL,1,0,0,0,0,0,0,0,0,0,0,0,0,,,,,0,0,0,0,0,0,/1,,elderbr01
176,Nathan Eovaldi,33,TEX,ALWS,6,0,0,0,0,0,0,0,0,0,0,0,0,,,,,0,0,0,0,0,0,/1,,eovalna01
177,Caleb Ferguson,26,LAD,NL,2,0,0,0,0,0,0,0,0,0,0,0,0,,,,,0,0,0,0,0,0,/1,,ferguca01
178,Jack Flaherty,27,BAL,AL,1,0,0,0,0,0,0,0,0,0,0,0,0,,,,,0,0,0,0,0,0,/1,,flaheja01
179,J.P. France,28,HOU,AL,2,0,0,0,0,0,0,0,0,0,0,0,0,,,,,0,0,0,0,0,0,/1,,francjp01
180,Luis Frías,25,ARI,NLWS,7,0,0,0,0,0,0,0,0,0,0,0,0,,,,,0,0,0,0,0,0,/1,,friaslu01
181,Max Fried*,29,ATL,NL,1,0,0,0,0,0,0,0,0,0,0,0,0,,,,,0,0,0,0,0,0,/1,,friedma01
182,Zac Gallen,27,ARI,NLWS,6,0,0,0,0,0,0,0,0,0,0,0,0,,,,,0,0,0,0,0,0,/1,,galleza01
183,Yimi García,32,TOR,AL,1,0,0,0,0,0,0,0,0,0,0,0,0,,,,,0,0,0,0,0,0,/1,,garciyi01
184,Braxton Garrett,25,MIA,NL,1,0,0,0,0,0,0,0,0,0,0,0,0,,,,,0,0,0,0,0,0,/1,,garrebr01
185,Kevin Gausman*,32,TOR,AL,1,0,0,0,0,0,0,0,0,0,0,0,0,,,,,0,0,0,0,0,0,/1,,gausmke01
186,Kyle Gibson,35,BAL,AL,1,0,0,0,0,0,0,0,0,0,0,0,0,,,,,0,0,0,0,0,0,/1,,gibsoky01
187,Kevin Ginkel*,29,ARI,NLWS,10,0,0,0,0,0,0,0,0,0,0,0,0,,,,,0,0,0,0,0,0,1,,ginkeke01
188,Tyler Glasnow*,29,TBR,AL,1,0,0,0,0,0,0,0,0,0,0,0,0,,,,,0,0,0,0,0,0,/1,,glasnty01
189,Brusdar Graterol,24,LAD,NL,2,0,0,0,0,0,0,0,0,0,0,0,0,,,,,0,0,0,0,0,0,/1,,gratebr01
190,Jon Gray,31,TEX,ALWS,3,0,0,0,0,0,0,0,0,0,0,0,0,,,,,0,0,0,0,0,0,/1,,grayjo02
191,Sonny Gray,33,MIN,AL,2,0,0,0,0,0,0,0,0,0,0,0,0,,,,,0,0,0,0,0,0,/1,,grayso01
192,Chad Green*,32,TOR,AL,1,0,0,0,0,0,0,0,0,0,0,0,0,,,,,0,0,0,0,0,0,/1,,greench03
193,Michael Grove,26,LAD,NL,2,0,0,0,0,0,0,0,0,0,0,0,0,,,,,0,0,0,0,0,0,/1,,grovemi01
194,DL Hall*,24,BAL,AL,2,0,0,0,0,0,0,0,0,0,0,0,0,,,,,0,0,0,0,0,0,/1,,halldl01
195,Brad Hand*,33,ATL,NL,1,0,0,0,0,0,0,0,0,0,0,0,0,,,,,0,0,0,0,0,0,/1,,handbr01
196,Andrew Heaney*,32,TEX,ALWS,5,0,0,0,0,0,0,0,0,0,0,0,0,,,,,0,0,0,0,0,0,/1,,heanean01
197,Daysbel Hernández,26,ATL,NL,1,0,0,0,0,0,0,0,0,0,0,0,0,,,,,0,0,0,0,0,0,/1,,hernada03
198,Jordan Hicks,26,TOR,AL,1,0,0,0,0,0,0,0,0,0,0,0,0,,,,,0,0,0,0,0,0,/1,,hicksjo03
199,Jeff Hoffman,30,PHI,NL,8,0,0,0,0,0,0,0,0,0,0,0,0,,,,,0,0,0,0,0,0,/1,,hoffmje02
200,Raisel Iglesias,33,ATL,NL,3,0,0,0,0,0,0,0,0,0,0,0,0,,,,,0,0,0,0,0,0,/*1,,iglesra01
201,Cristian Javier,26,HOU,AL,3,0,0,0,0,0,0,0,0,0,0,0,0,,,,,0,0,0,0,0,0,/1,,javiecr01
202,Griffin Jax,28,MIN,AL,4,0,0,0,0,0,0,0,0,0,0,0,0,,,,,0,0,0,0,0,0,/1,,jaxgr01
203,Joe Jiménez,28,ATL,NL,1,0,0,0,0,0,0,0,0,0,0,0,0,,,,,0,0,0,0,0,0,/1,,jimenjo02
204,Pierce Johnson,32,ATL,NL,3,0,0,0,0,0,0,0,0,0,0,0,0,,,,,0,0,0,0,0,0,/*1,,johnspi01
205,Joe Kelly,35,LAD,NL,1,0,0,0,0,0,0,0,0,0,0,0,0,,,,,0,0,0,0,0,0,/1,,kellyjo05
206,Merrill Kelly,34,ARI,NLWS,4,0,0,0,0,0,0,0,0,0,0,0,0,,,,,0,0,0,0,0,0,/1,,kellyme01
207,Orion Kerkering,22,PHI,NL,7,0,0,0,0,0,0,0,0,0,0,0,0,,,,,0,0,0,0,0,0,/1,,kerkeor01
208,Clayton Kershaw*,35,LAD,NL,1,0,0,0,0,0,0,0,0,0,0,0,0,,,,,0,0,0,0,0,0,/1,,kershcl01
209,Grae Kessinger,25,HOU,AL,2,0,0,1,0,0,0,0,0,0,0,0,0,,,,,0,,0,0,,,/6H,,kessigr01
210,Yusei Kikuchi*,32,TOR,AL,1,0,0,0,0,0,0,0,0,0,0,0,0,,,,,0,0,0,0,0,0,/1,,kikucyu01
211,Craig Kimbrel,35,PHI,NL,7,0,0,0,0,0,0,0,0,0,0,0,0,,,,,0,0,0,0,0,0,/1,,kimbrcr01
212,Andrew Kittredge,33,TBR,AL,1,0,0,0,0,0,0,0,0,0,0,0,0,,,,,0,0,0,0,0,0,/1,,kittran01
213,Dean Kremer,27,BAL,AL,1,0,0,0,0,0,0,0,0,0,0,0,0,,,,,0,0,0,0,0,0,/1,,kremede01
214,José Leclerc,29,TEX,ALWS,13,0,0,0,0,0,0,0,0,0,0,0,0,,,,,0,0,0,0,0,0,*1,,leclejo01
215,Zack Littell,27,TBR,AL,1,0,0,0,0,0,0,0,0,0,0,0,0,,,,,0,0,0,0,0,0,/1,,litteza01
216,Nicky Lopez*,28,ATL,NL,1,0,0,0,0,0,0,0,0,0,0,0,0,,,,,0,,0,0,,,/6H,,lopezni01
217,Pablo López*,27,MIN,AL,2,0,0,0,0,0,0,0,0,0,0,0,0,,,,,0,0,0,0,0,0,/1,,lopezpa01
218,Michael Lorenzen,31,PHI,NL,2,0,0,0,0,0,0,0,0,0,0,0,0,,,,,0,0,0,0,0,0,/1,,lorenmi01
219,Jesús Luzardo*,25,MIA,NL,1,0,0,0,0,0,0,0,0,0,0,0,0,,,,,0,0,0,0,0,0,/1,,luzarje01
220,Lance Lynn#,36,LAD,NL,1,0,0,0,0,0,0,0,0,0,0,0,0,,,,,0,0,0,0,0,0,/1,,lynnla01
221,Kenta Maeda,35,MIN,AL,2,0,0,0,0,0,0,0,0,0,0,0,0,,,,,0,0,0,0,0,0,/1,,maedake01
222,Joe Mantiply,32,ARI,NLWS,9,0,0,0,0,0,0,0,0,0,0,0,0,,,,,0,0,0,0,0,0,/1,,mantijo01
223,Phil Maton,30,HOU,AL,6,0,0,0,0,0,0,0,0,0,0,0,0,,,,,0,0,0,0,0,0,/1,,matonph01
224,Tim Mayza*,31,TOR,AL,1,0,0,0,0,0,0,0,0,0,0,0,0,,,,,0,0,0,0,0,0,/1,,mayzati01
225,Trevor Megill*,29,MIL,NL,1,0,0,0,0,0,0,0,0,0,0,0,0,,,,,0,0,0,0,0,0,/1,,megiltr01
226,Bobby Miller*,24,LAD,NL,1,0,0,0,0,0,0,0,0,0,0,0,0,,,,,0,0,0,0,0,0,/1,,millebo06
227,Shelby Miller,32,LAD,NL,1,0,0,0,0,0,0,0,0,0,0,0,0,,,,,0,0,0,0,0,0,/1,,millesh01
228,Hoby Milner*,32,MIL,NL,2,0,0,0,0,0,0,0,0,0,0,0,0,,,,,0,0,0,0,0,0,/*1,,milneho01
229,A.J. Minter*,29,ATL,NL,3,0,0,0,0,0,0,0,0,0,0,0,0,,,,,0,0,0,0,0,0,/*1,,minteaj01
230,Rafael Montero,32,HOU,AL,5,0,0,0,0,0,0,0,0,0,0,0,0,,,,,0,0,0,0,0,0,/1,,montera01
231,Jordan Montgomery*,30,TEX,ALWS,6,0,0,0,0,0,0,0,0,0,0,0,0,,,,,0,0,0,0,0,0,/1,,montgjo01
232,Andrew Nardi*,24,MIA,NL,1,0,0,0,0,0,0,0,0,0,0,0,0,,,,,0,0,0,0,0,0,/1,,nardian01
233,Kyle Nelson*,26,ARI,NLWS,5,0,0,0,0,0,0,0,0,0,0,0,0,,,,,0,0,0,0,0,0,/1,,nelsoky01
234,Ryne Nelson,25,ARI,NLWS,3,0,0,0,0,0,0,0,0,0,0,0,0,,,,,0,0,0,0,0,0,/1,,nelsory01
235,Hector Neris,34,HOU,AL,7,0,0,0,0,0,0,0,0,0,0,0,0,,,,,0,0,0,0,0,0,/1,,nerishe01
236,Aaron Nola,30,PHI,NL,4,0,0,0,0,0,0,0,0,0,0,0,0,,,,,0,0,0,0,0,0,/1,,nolaaa01
237,Bailey Ober,27,MIN,AL,2,0,0,0,0,0,0,0,0,0,0,0,0,,,,,0,0,0,0,0,0,/1,,oberba01
238,Steven Okert*,31,MIA,NL,1,0,0,0,0,0,0,0,0,0,0,0,0,,,,,0,0,0,0,0,0,/1,,okertst01
239,Chris Paddack,27,MIN,AL,2,0,0,0,0,0,0,0,0,0,0,0,0,,,,,0,0,0,0,0,0,/1,,paddach01
240,Emilio Pagán*,32,MIN,AL,2,0,0,0,0,0,0,0,0,0,0,0,0,,,,,0,0,0,0,0,0,/1,,paganem01
241,Joel Payamps,29,MIL,NL,1,0,0,0,0,0,0,0,0,0,0,0,0,,,,,0,0,0,0,0,0,/1,,payamjo01
242,Elvis Peguero,26,MIL,NL,2,0,0,0,0,0,0,0,0,0,0,0,0,,,,,0,0,0,0,0,0,/*1,,pegueel01
243,Freddy Peralta,27,MIL,NL,1,0,0,0,0,0,0,0,0,0,0,0,0,,,,,0,0,0,0,0,0,/1,,peralfr01
244,Cionel Pérez,27,BAL,AL,2,0,0,0,0,0,0,0,0,0,0,0,0,,,,,0,0,0,0,0,0,/1,,perezci01
245,Martín Pérez*,32,TEX,ALWS,3,0,0,0,0,0,0,0,0,0,0,0,0,,,,,0,0,0,0,0,0,/1,,perezma02
246,Brandon Pfaadt,24,ARI,NLWS,5,0,0,0,0,0,0,0,0,0,0,0,0,,,,,0,0,0,0,0,0,/1,,pfaadbr01
247,Evan Phillips,28,LAD,NL,2,0,0,0,0,0,0,0,0,0,0,0,0,,,,,0,0,0,0,0,0,/1,,phillev01
248,Colin Poche*,29,TBR,AL,1,0,0,0,0,0,0,0,0,0,0,0,0,,,,,0,0,0,0,0,0,/1,,pocheco01
249,Ryan Pressly,34,HOU,AL,5,0,0,0,0,0,0,0,0,0,0,0,0,,,,,0,0,0,0,0,0,/1,,pressry01
250,A.J. Puk*,28,MIA,NL,1,0,0,0,0,0,0,0,0,0,0,0,0,,,,,0,0,0,0,0,0,/1,,pukaj01
251,David Robertson,38,MIA,NL,1,0,0,0,0,0,0,0,0,0,0,0,0,,,,,0,0,0,0,0,0,/1,,roberda08
252,Grayson Rodriguez*,23,BAL,AL,1,0,0,0,0,0,0,0,0,0,0,0,0,,,,,0,0,0,0,0,0,/1,,rodrigr01
253,Jordan Romano,30,TOR,AL,1,0,0,0,0,0,0,0,0,0,0,0,0,,,,,0,0,0,0,0,0,/1,,romanjo03
254,Joe Ryan,27,MIN,AL,1,0,0,0,0,0,0,0,0,0,0,0,0,,,,,0,0,0,0,0,0,/1,,ryanjo04
255,Andrew Saalfrank*,25,ARI,NLWS,11,0,0,0,0,0,0,0,0,0,0,0,0,,,,,0,0,0,0,0,0,1,,saalfan01
256,Cristopher Sánchez*,26,PHI,NL,1,0,0,0,0,0,0,0,0,0,0,0,0,,,,,0,0,0,0,0,0,/1,,sanchcr01
257,Josh Sborz,29,TEX,ALWS,10,0,0,0,0,0,0,0,0,0,0,0,0,,,,,0,0,0,0,0,0,1,,sborzjo01
258,Max Scherzer,38,TEX,ALWS,3,0,0,0,0,0,0,0,0,0,0,0,0,,,,,0,0,0,0,0,0,/1,,scherma01
259,Tanner Scott,28,MIA,NL,1,0,0,0,0,0,0,0,0,0,0,0,0,,,,,0,0,0,0,0,0,/1,,scottta01
260,Paul Sewald,33,ARI,NLWS,10,0,0,0,0,0,0,0,0,0,0,0,0,,,,,0,0,0,0,0,0,1,,sewalpa01
261,Emmet Sheehan,23,LAD,NL,1,0,0,0,0,0,0,0,0,0,0,0,0,,,,,0,0,0,0,0,0,/1,,sheehem01
262,Josh Smith*,25,TEX,ALWS,3,0,0,0,0,0,0,0,0,0,0,0,0,,,,,0,,0,0,,,/H6D,,smithjo11
263,Will Smith,33,TEX,ALWS,5,0,0,0,0,0,0,0,0,0,0,0,0,,,,,0,0,0,0,0,0,/1,,smithwi04
264,AJ Smith-Shawver,20,ATL,NL,1,0,0,0,0,0,0,0,0,0,0,0,0,,,,,0,0,0,0,0,0,/1,,smithaj01
265,George Soriano,24,MIA,NL,1,0,0,0,0,0,0,0,0,0,0,0,0,,,,,0,0,0,0,0,0,/1,,soriage01
266,Gregory Soto*,28,PHI,NL,5,0,0,0,0,0,0,0,0,0,0,0,0,,,,,0,0,0,0,0,0,/1,,sotogr01
267,Ryne Stanek,31,HOU,AL,4,0,0,0,0,0,0,0,0,0,0,0,0,,,,,0,0,0,0,0,0,/1,,stanery01
268,Andrew Stevenson*,29,MIN,AL,1,0,0,0,0,0,0,0,0,0,0,0,0,,,,,0,,0,0,,,/7,,stevean01
269,Brock Stewart*,31,MIN,AL,3,0,0,0,0,0,0,0,0,0,0,0,0,,,,,0,0,0,0,0,0,/1,,stewabr01
270,Matt Strahm,31,PHI,NL,7,0,0,0,0,0,0,0,0,0,0,0,0,,,,,0,0,0,0,0,0,/1,,strahma01
271,Chris Stratton,32,TEX,ALWS,4,0,0,0,0,0,0,0,0,0,0,0,0,,,,,0,0,0,0,0,0,/1,,stratch01
272,Spencer Strider,24,ATL,NL,2,0,0,0,0,0,0,0,0,0,0,0,0,,,,,0,0,0,0,0,0,/1,,stridsp01
273,Garrett Stubbs*,30,PHI,NL,1,0,0,0,0,0,0,0,0,0,0,0,0,,,,,0,,0,0,,,/2,,stubbga01
274,Ranger Suarez*,27,PHI,NL,4,0,0,0,0,0,0,0,0,0,0,0,0,,,,,0,0,0,0,0,0,/1,,suarera01
275,Erik Swanson,29,TOR,AL,2,0,0,0,0,0,0,0,0,0,0,0,0,,,,,0,0,0,0,0,0,/*1,,swanser01
276,Caleb Thielbar,36,MIN,AL,4,0,0,0,0,0,0,0,0,0,0,0,0,,,,,0,0,0,0,0,0,/1,,thielca01
277,Ryan Thompson,31,ARI,NLWS,9,0,0,0,0,0,0,0,0,0,0,0,0,,,,,0,0,0,0,0,0,/1,,thompry02
278,Michael Tonkin,33,ATL,NL,1,0,0,0,0,0,0,0,0,0,0,0,0,,,,,0,0,0,0,0,0,/1,,tonkimi01
279,Abner Uribe,23,MIL,NL,2,0,0,0,0,0,0,0,0,0,0,0,0,,,,,0,0,0,0,0,0,/*1,,uribeab01
280,José Urquidy,28,HOU,AL,3,0,0,0,0,0,0,0,0,0,0,0,0,,,,,0,0,0,0,0,0,/1,,urquijo01
281,Framber Valdez,29,HOU,AL,3,0,0,0,0,0,0,0,0,0,0,0,0,,,,,0,0,0,0,0,0,/1,,valdefr01
282,Louis Varland*,25,MIN,AL,2,0,0,0,0,0,0,0,0,0,0,0,0,,,,,0,0,0,0,0,0,/*1,,varlalo01
283,Justin Verlander,40,HOU,AL,3,0,0,0,0,0,0,0,0,0,0,0,0,,,,,0,0,0,0,0,0,/1,,verlaju01
284,Alex Vesia*,27,LAD,NL,2,0,0,0,0,0,0,0,0,0,0,0,0,,,,,0,0,0,0,0,0,/1,,vesiaal01
285,Jacob Webb,29,BAL,AL,2,0,0,0,0,0,0,0,0,0,0,0,0,,,,,0,0,0,0,0,0,/1,,webbja01
286,Tyler Wells,28,BAL,AL,3,0,0,0,0,0,0,0,0,0,0,0,0,,,,,0,0,0,0,0,0,/*1,,wellsty01
287,Joey Wendle*,33,MIA,NL,1,0,0,0,0,0,0,0,0,0,0,0,0,,,,,0,,0,0,,,/6,,wendljo01
288,Zack Wheeler*,33,PHI,NL,5,0,0,0,0,0,0,0,0,0,0,0,0,,,,,0,0,0,0,0,0,/1,,wheelza01
289,Joey Wiemer,24,MIL,NL,1,0,0,0,0,0,0,0,0,0,0,0,0,,,,,0,,0,0,,,/DH,,wiemejo01
290,Devin Williams,28,MIL,NL,1,0,0,0,0,0,0,0,0,0,0,0,0,,,,,0,0,0,0,0,0,/1,,willide03
291,Bryse Wilson,25,MIL,NL,1,0,0,0,0,0,0,0,0,0,0,0,0,,,,,0,0,0,0,0,0,/1,,wilsobr02
292,Kirby Yates*,36,ATL,NL,1,0,0,0,0,0,0,0,0,0,0,0,0,,,,,0,0,0,0,0,0,/1,,yateski01
,MLB Average,,,,,,,,,,,,,,,,,.241,.316,.410,.725,,,,,,,,,-9999