Rk,Player,Age,Team,Lg,G,PA,AB,R,H,2B,3B,HR,RBI,SB,CS,BB,SO,BA,OBP,SLG,OPS,TB,GIDP,HBP,SH,SF,IBB,Pos,Awards,Player-additional
1,Kris Bryant,24,CHC,NLWS,17,75,65,11,20,5,0,3,8,1,0,9,21,.308,.400,.523,.923,34,0,1,0,0,0,*5,,bryankr01
2,Dexter Fowler#,30,CHC,NLWS,17,75,72,11,18,5,0,3,6,1,1,2,17,.250,.280,.444,.724,32,0,1,0,0,0,*8,,fowlede01
3,Anthony Rizzo*,26,CHC,NLWS,17,75,65,11,18,5,0,3,10,2,0,8,13,.277,.373,.492,.866,32,0,2,0,0,2,*3/4,,rizzoan01
4,Ben Zobrist#,35,CHC,NLWS,17,72,64,9,16,5,1,0,5,0,0,7,11,.250,.319,.359,.679,23,0,0,0,1,0,*7/49,WS MVP,zobribe01
5,Javier Báez,23,CHC,NLWS,17,71,68,8,18,4,0,2,8,2,0,2,21,.265,.282,.412,.693,28,1,0,0,1,0,*4/63,NLCS MVP,baezja01
6,Addison Russell,22,CHC,NLWS,17,68,64,7,13,2,0,3,13,0,0,2,13,.203,.235,.375,.610,24,1,1,0,1,1,*6,,russead02
7,Jason Kipnis*,29,CLE,ALWS,15,64,61,9,14,3,0,4,8,0,0,2,16,.230,.266,.475,.741,29,1,1,0,0,0,*4,,kipnija01
8,Francisco Lindor#,22,CLE,ALWS,15,62,58,5,18,3,0,2,6,1,3,4,16,.310,.355,.466,.820,27,1,0,0,0,0,*6,,lindofr01
9,Carlos Santana#,30,CLE,ALWS,15,61,52,6,10,1,0,3,4,0,0,8,11,.192,.311,.385,.696,20,0,1,0,0,0,*D/37,,santaca01
10,José Ramírez#,23,CLE,ALWS,15,59,56,6,15,2,0,1,3,0,1,3,8,.268,.305,.357,.662,20,1,0,0,0,1,*5,,ramirjo01
11,Mike Napoli,34,CLE,ALWS,15,56,52,3,9,3,0,1,3,1,0,4,21,.173,.232,.288,.521,15,0,0,0,0,0,*3/D,,napolmi01
12,Roberto Pérez,27,CLE,ALWS,15,52,43,5,8,1,0,3,7,0,0,7,15,.186,.300,.419,.719,18,1,0,2,0,0,*2,,perezro02
13,Jason Heyward*,26,CHC,NLWS,16,50,48,4,5,1,1,0,1,4,0,1,13,.104,.140,.167,.307,8,1,1,0,0,1,*9/H8,,heywaja01
14,Lonnie Chisenhall*,27,CLE,ALWS,14,47,42,4,9,0,0,1,5,0,0,2,13,.214,.261,.286,.547,12,1,1,1,1,0,*9,,chiselo01
15,Corey Seager*,22,LAD,NL,11,47,44,3,9,1,0,2,4,0,0,2,13,.205,.255,.364,.619,16,2,1,0,0,0,*6,,seageco01
16,Justin Turner,31,LAD,NL,11,46,35,6,10,0,1,2,8,1,0,7,5,.286,.457,.514,.971,18,0,4,0,0,0,*5,,turneju01
17,Adrián González*,34,LAD,NL,11,44,41,3,8,0,0,2,6,1,0,3,8,.195,.250,.341,.591,14,2,0,0,0,0,*3,,gonzaad01
18,Willson Contreras,24,CHC,NLWS,17,43,39,4,10,2,0,1,5,0,0,4,10,.256,.326,.385,.710,15,0,0,0,0,0,*2/H7,,contrwi01
19,Joc Pederson*,24,LAD,NL,11,40,36,5,9,2,0,1,4,2,0,3,14,.250,.325,.389,.714,14,1,1,0,0,1,*8,,pederjo01
20,José Bautista,35,TOR,AL,9,39,33,5,6,1,0,2,5,0,0,6,12,.182,.308,.394,.702,13,1,0,0,0,0,*/9D,,bautijo02
21,Josh Donaldson,30,TOR,AL,9,39,36,6,15,6,0,1,5,0,0,3,7,.417,.462,.667,1.128,24,1,0,0,0,1,/*5,,donaljo02
22,Edwin Encarnación,33,TOR,AL,9,39,35,5,10,1,0,3,9,0,0,4,5,.286,.359,.571,.930,20,1,0,0,0,2,/*3,,encared01
23,Rajai Davis,35,CLE,ALWS,15,37,34,4,5,1,0,1,4,4,0,1,9,.147,.189,.265,.454,9,1,1,0,1,0,*8/7H,,davisra01
24,Troy Tulowitzki,31,TOR,AL,9,37,35,3,8,0,1,1,5,0,0,2,4,.229,.270,.371,.642,13,1,0,0,0,0,/*6,,tulowtr01
25,Yasmani Grandal#,27,LAD,NL,11,36,28,1,3,0,0,1,3,0,0,7,11,.107,.286,.214,.500,6,1,0,1,0,0,*2/H3,,grandya01
26,Russell Martin,33,TOR,AL,9,36,33,2,3,0,0,1,1,0,0,3,14,.091,.167,.182,.348,6,1,0,0,0,0,/*2,,martiru01
27,Ezequiel Carrera*,29,TOR,AL,9,35,33,6,10,0,2,1,3,1,0,2,8,.303,.343,.515,.858,17,0,0,0,0,0,*/79,,carreez01
28,Kevin Pillar,27,TOR,AL,9,35,32,1,3,1,0,1,2,1,0,2,6,.094,.143,.219,.362,7,0,0,0,1,1,*/8,,pillake01
29,Coco Crisp#,36,CLE,ALWS,12,32,26,5,7,2,0,2,4,1,0,3,3,.269,.345,.577,.922,15,0,0,3,0,0,/7H,,crispco01
30,Chase Utley*,37,LAD,NL,10,32,28,1,3,0,0,0,2,1,0,3,8,.107,.219,.107,.326,3,0,1,0,0,0,*4/H,,utleych01
31,Josh Reddick*,29,LAD,NL,10,28,26,2,8,0,0,0,2,3,0,1,2,.308,.333,.308,.641,8,0,0,0,0,0,*/9H,,reddijo01
32,Andrew Toles*,24,LAD,NL,11,26,22,6,8,2,0,0,2,0,0,1,3,.364,.423,.455,.878,10,1,2,0,1,0,*7/H89,,tolesan01
33,Tyler Naquin*,25,CLE,ALWS,11,25,23,0,4,2,0,0,2,0,0,1,14,.174,.208,.261,.469,6,0,0,1,0,1,8/9H,,naquity01
34,Brandon Guyer,30,CLE,ALWS,10,24,18,6,6,1,0,0,3,0,0,4,5,.333,.500,.389,.889,7,0,2,0,0,0,/7H9,,guyerbr01
35,Bryce Harper*,23,WSN,NL,5,24,17,4,4,1,0,0,1,3,0,6,6,.235,.458,.294,.752,5,0,1,0,0,0,*/9,,harpebr03
36,Trea Turner,23,WSN,NL,5,24,22,5,7,0,0,0,1,2,0,1,11,.318,.333,.318,.652,7,0,0,0,1,0,*/84,,turnetr01
37,Howie Kendrick,32,LAD,NL,9,23,22,2,5,2,0,0,0,1,0,1,4,.227,.261,.318,.579,7,1,0,0,0,1,*/7H4,,kendrho01
38,Jayson Werth,37,WSN,NL,5,23,18,4,7,2,0,1,3,1,0,4,9,.389,.522,.667,1.188,12,0,1,0,0,0,*/7,,werthja01
39,Brandon Belt*,28,SFG,NL,5,22,17,1,2,0,0,0,2,0,0,3,4,.118,.227,.118,.345,2,0,0,0,2,0,/*3,,beltbr01
40,Daniel Murphy*,31,WSN,NL,5,22,16,3,7,0,0,0,6,2,1,5,1,.438,.545,.438,.983,7,0,0,0,1,2,/*43,,murphda08
41,Hunter Pence,33,SFG,NL,5,22,22,1,4,0,0,0,0,0,0,0,5,.182,.182,.182,.364,4,0,0,0,0,0,*/9,,pencehu01
42,Buster Posey,29,SFG,NL,5,22,18,1,5,1,0,0,2,0,0,3,1,.278,.364,.333,.697,6,0,0,0,1,1,/*2,,poseybu01
43,Yasiel Puig,25,LAD,NL,10,22,19,1,4,0,0,0,0,0,0,3,3,.211,.318,.211,.529,4,1,0,0,0,2,*/9H8,,puigya01
44,Michael Saunders*,29,TOR,AL,8,22,21,2,8,1,0,1,1,0,0,1,10,.381,.409,.571,.981,12,0,0,0,0,0,/*DH,,saundmi01
45,Brandon Crawford*,29,SFG,NL,5,21,20,3,5,3,0,0,1,1,0,1,5,.250,.286,.400,.686,8,0,0,0,0,0,/*6,,crawfbr01
46,Anthony Rendon,26,WSN,NL,5,21,20,1,3,0,0,1,4,0,0,1,6,.150,.190,.300,.490,6,0,0,0,0,0,/*5,,rendoan01
47,David Ross,39,CHC,NLWS,8,20,16,2,4,1,0,2,4,0,0,2,4,.250,.300,.688,.988,11,2,0,0,2,0,/2H,,rossda01
48,Kyle Schwarber*,23,CHC,WS,5,20,17,2,7,1,0,0,2,1,0,3,4,.412,.500,.471,.971,8,1,0,0,0,0,/DH,,schwaky01
49,Denard Span*,32,SFG,NL,4,20,19,3,5,2,1,0,1,1,2,1,4,.263,.300,.474,.774,9,0,0,0,0,0,*/8,,spande01
50,Ryan Zimmerman,31,WSN,NL,5,20,17,1,6,2,0,0,2,0,0,3,3,.353,.450,.471,.921,8,0,0,0,0,0,/*3,,zimmery01
51,Conor Gillaspie*,28,SFG,NL,5,19,19,3,8,0,1,1,6,0,0,0,5,.421,.421,.684,1.105,13,1,0,0,0,0,/*5,,gillaco01
52,Danny Espinosa#,29,WSN,NL,5,18,14,3,2,0,0,0,1,0,0,1,8,.143,.333,.143,.476,2,0,3,0,0,0,/*6,,espinda01
53,Joe Panik*,25,SFG,NL,4,17,13,3,6,2,0,0,2,0,0,3,4,.462,.529,.615,1.145,8,0,0,0,1,0,/*4,,panikjo01
54,Darwin Barney,30,TOR,AL,7,16,15,1,1,0,0,0,0,0,0,0,3,.067,.125,.067,.192,1,1,1,0,0,0,/*45H,,barneda01
55,Jorge Soler,24,CHC,NLWS,8,16,13,0,2,0,1,0,0,0,0,3,4,.154,.313,.308,.620,4,1,0,0,0,0,/9H7,,solerjo01
56,Ian Desmond,30,TEX,AL,3,14,14,0,3,1,0,0,2,0,0,0,3,.214,.214,.286,.500,4,0,0,0,0,0,*/8,,desmoia01
57,Carlos Gómez,30,TEX,AL,3,14,13,1,2,0,0,0,1,1,0,1,5,.154,.214,.154,.368,2,0,0,0,0,0,*/7,,gomezca01
58,Dustin Pedroia,32,BOS,AL,3,14,12,2,2,1,0,0,0,0,0,2,5,.167,.286,.250,.536,3,0,0,0,0,0,/*4,,pedrodu01
59,Carlos Beltrán#,39,TEX,AL,3,12,11,0,2,0,0,0,1,0,0,1,1,.182,.250,.182,.432,2,0,0,0,0,0,/*D,,beltrca01
60,Adrian Beltré,37,TEX,AL,3,12,11,1,2,1,0,0,0,0,0,1,2,.182,.250,.273,.523,3,1,0,0,0,0,/*5,,beltrad01
61,Mookie Betts,23,BOS,AL,3,12,10,1,2,1,0,0,0,0,0,2,1,.200,.333,.300,.633,3,1,0,0,0,0,*/9,,bettsmo01
62,Xander Bogaerts,23,BOS,AL,3,12,12,1,3,0,0,0,0,0,0,0,4,.250,.250,.250,.500,3,0,0,0,0,0,/*6,,bogaexa01
63,Jonathan Lucroy,30,TEX,AL,3,12,12,1,1,0,0,0,0,0,0,0,2,.083,.083,.083,.167,1,0,0,0,0,0,/*2,,lucrojo01
64,Miguel Montero*,32,CHC,NLWS,9,12,12,1,2,0,0,1,5,0,0,0,3,.167,.167,.417,.583,5,0,0,0,0,0,/H2,,montemi01
65,Rougned Odor*,22,TEX,AL,3,12,10,2,2,0,0,1,2,0,0,2,1,.200,.333,.500,.833,5,0,0,0,0,0,/*4,,odorro01
66,David Ortiz*,40,BOS,AL,3,12,9,0,1,1,0,0,1,0,0,2,1,.111,.250,.222,.472,2,0,0,0,1,0,/*D,,ortizda01
67,Hanley Ramírez,32,BOS,AL,3,12,12,0,3,2,0,0,2,0,0,0,4,.250,.250,.417,.667,5,0,0,0,0,0,/*3,,ramirha01
68,Carlos Ruiz,37,LAD,NL,7,12,11,2,3,1,0,1,4,0,0,1,2,.273,.333,.636,.970,7,0,0,0,0,0,/2H,,ruizca01
69,Devon Travis,25,TOR,AL,3,12,12,2,1,0,0,0,0,0,0,0,1,.083,.083,.083,.167,1,4,0,0,0,0,/4,,travide01
70,B.J. Upton,31,TOR,AL,9,12,11,1,2,1,0,1,1,0,0,1,5,.182,.250,.545,.795,6,0,0,0,0,0,/H7D,,uptonbj01
71,Albert Almora,22,CHC,NLWS,9,11,10,1,0,0,0,0,0,0,0,0,2,.000,.000,.000,.000,0,1,0,1,0,0,/H97D,,almoral01
72,Elvis Andrus,27,TEX,AL,3,11,11,2,4,0,1,1,1,0,1,0,0,.364,.364,.818,1.182,9,0,0,0,0,0,/*6,,andruel01
73,Jackie Bradley Jr.*,26,BOS,AL,3,11,10,0,1,0,0,0,0,0,0,0,7,.100,.182,.100,.282,1,0,1,0,0,0,*/8,,bradlja02
74,Kiké Hernández,24,LAD,NL,6,11,8,0,0,0,0,0,0,0,0,3,2,.000,.273,.000,.273,0,0,0,0,0,0,/4H79,,hernaen02
75,Sandy León#,27,BOS,AL,3,11,10,1,1,0,0,1,1,0,0,1,5,.100,.182,.400,.582,4,0,0,0,0,0,/*2,,leonsa01
76,Ángel Pagán#,34,SFG,NL,3,11,10,0,3,1,0,0,0,0,0,0,3,.300,.300,.400,.700,4,0,0,0,0,0,/7,,paganan01
77,Grégor Blanco*,32,SFG,NL,4,10,8,1,1,1,0,0,1,0,0,1,2,.125,.222,.250,.472,2,1,0,1,0,0,/7H,,blancgr01
78,Brock Holt*,28,BOS,AL,3,10,10,1,4,1,0,1,1,0,0,0,2,.400,.400,.800,1.200,8,0,0,0,0,0,/*5,,holtbr01
79,Pedro Severino,22,WSN,NL,4,10,10,1,1,1,0,0,0,0,0,0,3,.100,.100,.200,.300,2,0,0,0,0,0,/*2H,,severpe01
80,Andrew Benintendi*,21,BOS,AL,3,9,9,1,3,1,0,1,2,0,0,0,1,.333,.333,.778,1.111,7,1,0,0,0,0,*/7,,beninan01
81,Clayton Kershaw*,28,LAD,NL,5,9,7,1,2,1,0,0,0,0,0,1,4,.286,.375,.429,.804,3,0,0,1,0,0,/1,,kershcl01
82,Jon Lester*,32,CHC,NLWS,6,9,7,0,0,0,0,0,0,0,0,2,4,.000,.222,.000,.222,0,0,0,0,0,0,/1,NLCS MVP,lestejo01
83,Jose Lobaton#,31,WSN,NL,4,9,9,1,2,0,0,1,3,0,0,0,2,.222,.222,.556,.778,5,1,0,0,0,0,/*2,,lobatjo01
84,Mitch Moreland*,30,TEX,AL,3,9,8,1,2,2,0,0,2,0,0,1,1,.250,.333,.500,.833,4,0,0,0,0,0,/*3H,,morelmi01
85,Chris Coghlan*,31,CHC,NLWS,9,8,7,1,0,0,0,0,0,0,0,1,3,.000,.125,.000,.125,0,0,0,0,0,1,/H79,,coghlch01
86,Charlie Culberson,27,LAD,NL,4,7,7,0,0,0,0,0,0,0,0,0,2,.000,.000,.000,.000,0,0,0,0,0,0,/4H,,culbech01
87,Andre Ethier*,34,LAD,NL,8,7,6,2,2,0,0,1,1,0,0,1,2,.333,.429,.833,1.262,5,0,0,0,0,0,/*H,,ethiean01
88,Madison Bumgarner,26,SFG,NL,3,6,5,0,0,0,0,0,0,0,0,0,1,.000,.000,.000,.000,0,0,0,1,0,0,/1H,,bumgama01
89,Ryan Goins*,28,TOR,AL,3,6,5,1,1,0,0,0,1,0,0,1,2,.200,.333,.200,.533,1,1,0,0,0,0,/4,,goinsry01
90,Kyle Hendricks,26,CHC,NLWS,5,6,6,0,1,0,0,0,2,0,0,0,2,.167,.167,.167,.333,1,0,0,0,0,0,/1,,hendrky01
91,Gorkys Hernández,28,SFG,NL,3,6,6,0,1,0,0,0,0,0,1,0,2,.167,.167,.167,.333,1,0,0,0,0,0,/78H,,hernago01
92,Nomar Mazara*,21,TEX,AL,2,6,6,1,1,0,0,0,0,0,0,0,3,.167,.167,.167,.333,1,0,0,0,0,0,/9,,mazarno01
93,Kelby Tomlinson,26,SFG,NL,3,6,6,0,0,0,0,0,0,0,0,0,3,.000,.000,.000,.000,0,0,0,0,0,0,/H45,,tomlike01
94,Jake Arrieta,30,CHC,NLWS,4,5,5,1,1,0,0,1,3,0,0,0,3,.200,.200,.800,1.000,4,0,0,0,0,0,/1,,arrieja01
95,Stephen Drew*,33,WSN,NL,4,5,4,0,0,0,0,0,0,0,0,1,3,.000,.200,.000,.200,0,0,0,0,0,0,/6H5,,drewst01
96,Chris Heisey,31,WSN,NL,5,5,4,1,1,0,0,1,3,0,0,0,2,.250,.200,1.000,1.200,4,0,0,0,1,0,/*H,,heisech01
97,Rich Hill*,36,LAD,NL,3,5,5,0,1,0,0,0,0,0,0,0,1,.200,.200,.200,.400,1,0,0,0,0,0,/1,,hillri01
98,Adam Jones,30,BAL,AL,1,5,5,1,1,0,0,0,0,0,0,0,1,.200,.200,.200,.400,1,0,0,0,0,0,*/8,,jonesad01
99,Michael Bourn*,33,BAL,AL,1,4,4,0,1,0,0,0,0,1,0,0,2,.250,.250,.250,.500,1,0,0,0,0,0,*/9,,bournmi01
100,Asdrúbal Cabrera#,30,NYM,NL,1,4,3,0,1,0,0,0,0,0,0,1,0,.333,.500,.333,.833,1,0,0,0,0,0,/*6,,cabreas01
101,Yoenis Céspedes,30,NYM,NL,1,4,4,0,0,0,0,0,0,0,0,0,2,.000,.000,.000,.000,0,0,0,0,0,0,*/7,,cespeyo01
102,Chris Davis*,30,BAL,AL,1,4,3,0,0,0,0,0,0,0,0,1,2,.000,.250,.000,.250,0,0,0,0,0,0,/*3,,davisch02
103,Yan Gomes,28,CLE,WS,4,4,4,0,0,0,0,0,0,0,0,0,2,.000,.000,.000,.000,0,1,0,0,0,0,/2H,,gomesya01
104,Curtis Granderson*,35,NYM,NL,1,4,4,0,0,0,0,0,0,0,0,0,0,.000,.000,.000,.000,0,0,0,0,0,0,*/8,,grandcu01
105,J.J. Hardy,33,BAL,AL,1,4,4,0,0,0,0,0,0,0,0,0,2,.000,.000,.000,.000,0,0,0,0,0,0,/*6,,hardyjj01
106,Hyun Soo Kim*,28,BAL,AL,1,4,4,0,0,0,0,0,0,0,0,0,0,.000,.000,.000,.000,0,0,0,0,0,0,*/7,,kimhy01
107,John Lackey,37,CHC,NLWS,3,4,4,0,0,0,0,0,0,0,0,0,3,.000,.000,.000,.000,0,0,0,0,0,0,/1,,lackejo01
108,Manny Machado,23,BAL,AL,1,4,4,0,1,0,0,0,0,0,0,0,0,.250,.250,.250,.500,1,0,0,0,0,0,/*5,,machama01
109,Michael Martínez#,33,CLE,ALWS,7,4,4,1,0,0,0,0,0,0,0,0,3,.000,.000,.000,.000,0,0,0,0,0,0,/89H5,,martimi02
110,José Reyes#,33,NYM,NL,1,4,4,0,0,0,0,0,0,0,0,0,0,.000,.000,.000,.000,0,0,0,0,0,0,/*5,,reyesjo01
111,T.J. Rivera,27,NYM,NL,1,4,4,0,1,1,0,0,0,0,0,0,0,.250,.250,.500,.750,2,0,0,0,0,0,/*4,,rivertj01
112,Max Scherzer,31,WSN,NL,2,4,4,0,0,0,0,0,0,0,0,0,2,.000,.000,.000,.000,0,0,0,0,0,0,/1,,scherma01
113,Jonathan Schoop,24,BAL,AL,1,4,4,0,0,0,0,0,0,0,0,0,1,.000,.000,.000,.000,0,0,0,0,0,0,/*4,,schoojo01
114,Mark Trumbo,30,BAL,AL,1,4,4,1,1,0,0,1,2,0,0,0,1,.250,.250,1.000,1.250,4,0,0,0,0,0,/*D,,trumbma01
115,Matt Wieters#,30,BAL,AL,1,4,4,0,0,0,0,0,0,0,0,0,2,.000,.000,.000,.000,0,0,0,0,0,0,/*2,,wietema01
116,Jay Bruce*,29,NYM,NL,1,3,3,0,0,0,0,0,0,0,0,0,1,.000,.000,.000,.000,0,0,0,0,0,0,*/9,,bruceja01
117,Shin-Soo Choo*,33,TEX,AL,1,3,3,0,0,0,0,0,1,0,0,0,2,.000,.000,.000,.000,0,0,0,0,0,0,/9,,choosh01
118,Johnny Cueto,30,SFG,NL,1,3,3,0,0,0,0,0,0,0,0,0,1,.000,.000,.000,.000,0,0,0,0,0,0,/1,,cuetojo01
119,Matt Moore*,27,SFG,NL,1,3,3,0,1,0,0,0,1,0,0,0,1,.333,.333,.333,.667,1,0,0,0,0,0,/1,,moorema02
120,Eduardo Núñez,29,SFG,NL,3,3,3,0,0,0,0,0,0,0,0,0,0,.000,.000,.000,.000,0,0,0,0,0,0,/*H,,nunezed02
121,René Rivera,32,NYM,NL,1,3,3,0,1,0,0,0,0,0,0,0,0,.333,.333,.333,.667,1,0,0,0,0,0,/*2,,riverre01
122,Clint Robinson*,31,WSN,NL,3,3,3,0,2,1,0,0,0,0,0,0,0,.667,.667,1.000,1.667,3,0,0,0,0,0,/H3,,robincl01
123,Ryan Rua,26,TEX,AL,1,3,3,0,2,0,0,0,0,0,0,0,1,.667,.667,.667,1.333,2,0,0,0,0,0,/3,,ruary01
124,Wilmer Difo#,24,WSN,NL,2,2,2,0,0,0,0,0,0,0,0,0,1,.000,.000,.000,.000,0,0,0,0,0,0,/H,,difowi01
125,Gio González,30,WSN,NL,1,2,2,0,0,0,0,0,0,0,0,0,2,.000,.000,.000,.000,0,0,0,0,0,0,/1,,gonzagi01
126,Kenley Jansen#,28,LAD,NL,7,2,1,0,0,0,0,0,0,0,0,0,1,.000,.000,.000,.000,0,0,0,1,0,0,/1,,janseke01
127,Corey Kluber,30,CLE,ALWS,6,2,2,0,1,0,0,0,0,0,0,0,1,.500,.500,.500,1.000,1,0,0,0,0,0,/1,,klubeco01
128,James Loney*,32,NYM,NL,1,2,1,0,0,0,0,0,0,0,0,1,0,.000,.500,.000,.500,0,1,0,0,0,1,/*3,,loneyja01
129,Kenta Maeda,28,LAD,NL,3,2,2,0,1,0,0,0,0,0,0,0,0,.500,.500,.500,1.000,1,0,0,0,0,0,/1,,maedake01
130,Mike Montgomery*,26,CHC,NLWS,11,2,2,1,1,0,0,0,0,0,0,0,0,.500,.500,.500,1.000,1,0,0,0,0,0,1,,montgmi01
131,Dioner Navarro#,32,TOR,AL,2,2,2,0,2,0,0,0,0,0,0,0,0,1.000,1.000,1.000,2.000,2,0,0,0,0,0,/DH,,navardi01
132,Tanner Roark,29,WSN,NL,1,2,2,0,0,0,0,0,0,0,0,0,1,.000,.000,.000,.000,0,0,0,0,0,0,/1,,roarkta01
133,Travis Shaw*,26,BOS,AL,1,2,2,0,1,0,0,0,0,0,0,0,0,.500,.500,.500,1.000,1,0,0,0,0,0,/5H,,shawtr01
134,Justin Smoak#,29,TOR,AL,3,2,2,0,0,0,0,0,0,0,0,0,2,.000,.000,.000,.000,0,0,0,0,0,0,/H3D,,smoakju01
135,Noah Syndergaard*,23,NYM,NL,1,2,2,0,0,0,0,0,0,0,0,0,2,.000,.000,.000,.000,0,0,0,0,0,0,/*1,,syndeno01
136,Michael A. Taylor,25,WSN,NL,3,2,2,0,0,0,0,0,0,0,0,0,2,.000,.000,.000,.000,0,0,0,0,0,0,/H8,,taylomi02
137,Josh Tomlin,31,CLE,ALWS,4,2,1,0,0,0,0,0,0,0,0,0,1,.000,.000,.000,.000,0,0,0,1,0,0,/1,,tomlijo01
138,Chris Young,32,BOS,AL,1,2,1,0,0,0,0,0,0,0,0,1,0,.000,.500,.000,.500,0,0,0,0,0,0,/7H,,youngch04
139,Austin Barnes,26,LAD,NL,2,1,1,1,0,0,0,0,0,0,0,0,1,.000,.000,.000,.000,0,0,0,0,0,0,/H,,barneau01
140,Trevor Bauer,25,CLE,ALWS,5,1,1,0,0,0,0,0,0,0,0,0,0,.000,.000,.000,.000,0,0,0,0,0,0,/1,,bauertr01
141,Trevor Brown,24,SFG,NL,1,1,1,0,0,0,0,0,0,0,0,0,0,.000,.000,.000,.000,0,0,0,0,0,0,/H,,browntr01
142,Eric Campbell,29,NYM,NL,1,1,1,0,0,0,0,0,0,0,0,0,1,.000,.000,.000,.000,0,0,0,0,0,0,/*3H,,campber01
143,Aroldis Chapman*,28,CHC,NLWS,13,1,1,0,0,0,0,0,0,0,0,0,1,.000,.000,.000,.000,0,0,0,0,0,0,*1,,chapmar01
144,Robinson Chirinos,32,TEX,AL,1,1,0,0,0,0,0,0,0,0,0,1,0,,1.000,,,0,0,0,0,0,0,/H,,chiriro01
145,Aaron Hill,34,BOS,AL,1,1,1,0,0,0,0,0,0,0,0,0,1,.000,.000,.000,.000,0,0,0,0,0,0,/5H,,hillaa01
146,Jared Hoying*,27,TEX,AL,2,1,1,1,0,0,0,0,0,0,0,0,1,.000,.000,.000,.000,0,0,0,0,0,0,/9H,,hoyinja01
147,Ty Kelly#,27,NYM,NL,1,1,1,0,1,0,0,0,0,0,0,0,0,1.000,1.000,1.000,2.000,1,0,0,0,0,0,/*H,,kellyty01
148,Tommy La Stella*,27,CHC,NL,1,1,1,0,0,0,0,0,0,0,0,0,0,.000,.000,.000,.000,0,0,0,0,0,0,/H,,lasteto01
149,Nolan Reimold,32,BAL,AL,1,1,1,0,0,0,0,0,0,0,0,0,1,.000,.000,.000,.000,0,0,0,0,0,0,*/7H,,reimono01
150,Joe Ross,23,WSN,NL,2,1,1,0,0,0,0,0,0,0,0,0,1,.000,.000,.000,.000,0,0,0,0,0,0,/1H,,rossjo01
151,Julio Urías*,19,LAD,NL,2,1,1,0,0,0,0,0,0,0,0,0,0,.000,.000,.000,.000,0,0,0,0,0,0,/1,,uriasju01
152,Travis Wood,29,CHC,NLWS,9,1,1,1,1,0,0,1,1,0,0,0,0,1.000,1.000,4.000,5.000,4,0,0,0,0,0,/1,,woodtr01
153,Cody Allen,27,CLE,ALWS,10,0,0,0,0,0,0,0,0,0,0,0,0,,,,,0,0,0,0,0,0,1,,allenco01
154,Luis Avilán*,26,LAD,NL,5,0,0,0,0,0,0,0,0,0,0,0,0,,,,,0,,0,0,,,/1,,avilalu01
155,Pedro Báez,28,LAD,NL,7,0,0,0,0,0,0,0,0,0,0,0,0,,,,,0,,0,0,,,/1,,baezpe01
156,Matt Barnes,26,BOS,AL,1,0,0,0,0,0,0,0,0,0,0,0,0,,,,,0,0,0,0,0,0,/1,,barnema01
157,Tony Barnette,32,TEX,AL,3,0,0,0,0,0,0,0,0,0,0,0,0,,,,,0,0,0,0,0,0,/*1,,barneto01
158,Joe Biagini,26,TOR,AL,6,0,0,0,0,0,0,0,0,0,0,0,0,,,,,0,0,0,0,0,0,/1,,biagijo01
159,Ty Blach,25,SFG,NL,2,0,0,0,0,0,0,0,0,0,0,0,0,,,,,0,,0,0,,,/1,,blachty01
160,Joe Blanton,35,LAD,NL,7,0,0,0,0,0,0,0,0,0,0,0,0,,,,,0,,0,0,,,/1,,blantjo01
161,Brad Brach,30,BAL,AL,1,0,0,0,0,0,0,0,0,0,0,0,0,,,,,0,0,0,0,0,0,/*1,,brachbr01
162,Clay Buchholz*,31,BOS,AL,1,0,0,0,0,0,0,0,0,0,0,0,0,,,,,0,0,0,0,0,0,/1,,buchhcl01
163,Matt Bush,30,TEX,AL,2,0,0,0,0,0,0,0,0,0,0,0,0,,,,,0,0,0,0,0,0,/1,,bushma01
164,Santiago Casilla,35,SFG,NL,1,0,0,0,0,0,0,0,0,0,0,0,0,,,,,0,,0,0,,,/1,,garcija01
165,Brett Cecil,29,TOR,AL,6,0,0,0,0,0,0,0,0,0,0,0,0,,,,,0,0,0,0,0,0,/1,,cecilbr01
166,Alex Claudio*,24,TEX,AL,2,0,0,0,0,0,0,0,0,0,0,0,0,,,,,0,0,0,0,0,0,/1,,claudal01
167,Mike Clevinger,25,CLE,ALWS,4,0,0,0,0,0,0,0,0,0,0,0,0,,,,,0,0,0,0,0,0,/1,,clevimi01
168,Yu Darvish,29,TEX,AL,1,0,0,0,0,0,0,0,0,0,0,0,0,,,,,0,0,0,0,0,0,/1,,darviyu01
169,Grant Dayton*,28,LAD,NL,7,0,0,0,0,0,0,0,0,0,0,0,0,,,,,0,,0,0,,,/1,,daytogr01
170,Jake Diekman,29,TEX,AL,2,0,0,0,0,0,0,0,0,0,0,0,0,,,,,0,0,0,0,0,0,/1,,diekmja01
171,Brian Duensing*,33,BAL,AL,1,0,0,0,0,0,0,0,0,0,0,0,0,,,,,0,0,0,0,0,0,/*1,,duensbr01
172,Sam Dyson,28,TEX,AL,1,0,0,0,0,0,0,0,0,0,0,0,0,,,,,0,0,0,0,0,0,/1,,dysonsa01
173,Carl Edwards Jr.,24,CHC,NLWS,8,0,0,0,0,0,0,0,0,0,0,0,0,,,,,0,,0,0,,,/1,,edwarca01
174,Marco Estrada,32,TOR,AL,3,0,0,0,0,0,0,0,0,0,0,0,0,,,,,0,0,0,0,0,0,/1,,estrama01
175,Jeurys Familia,26,NYM,NL,1,0,0,0,0,0,0,0,0,0,0,0,0,,,,,0,,0,0,,,/*1,,familje01
176,Josh Fields,30,LAD,NL,4,0,0,0,0,0,0,0,0,0,0,0,0,,,,,0,,0,0,,,/1,,fieldjo03
177,Mychal Givens,26,BAL,AL,1,0,0,0,0,0,0,0,0,0,0,0,0,,,,,0,0,0,0,0,0,/*1,,givenmy01
178,Jason Grilli,39,TOR,AL,5,0,0,0,0,0,0,0,0,0,0,0,0,,,,,0,0,0,0,0,0,/1,,grillja01
179,Justin Grimm,27,CHC,NLWS,6,0,0,0,0,0,0,0,0,0,0,0,0,,,,,0,,0,0,,,/1,,grimmju01
180,Cole Hamels*,32,TEX,AL,1,0,0,0,0,0,0,0,0,0,0,0,0,,,,,0,0,0,0,0,0,/1,,hamelco01
181,J.A. Happ*,33,TOR,AL,2,0,0,0,0,0,0,0,0,0,0,0,0,,,,,0,0,0,0,0,0,/1,,happja01
182,Donnie Hart*,25,BAL,AL,1,0,0,0,0,0,0,0,0,0,0,0,0,,,,,0,0,0,0,0,0,/*1,,hartdo01
183,Marco Hernández*,23,BOS,AL,2,0,0,0,0,0,0,0,0,0,0,0,0,,,,,0,,0,0,,,/DH,,hernama02
184,Jeremy Jeffress,28,TEX,AL,1,0,0,0,0,0,0,0,0,0,0,0,0,,,,,0,0,0,0,0,0,/1,,jeffrje01
185,Ubaldo Jiménez,32,BAL,AL,1,0,0,0,0,0,0,0,0,0,0,0,0,,,,,0,0,0,0,0,0,/*1,,jimenub01
186,Keone Kela,23,TEX,AL,1,0,0,0,0,0,0,0,0,0,0,0,0,,,,,0,0,0,0,0,0,/1,,kelake01
187,Shawn Kelley,32,WSN,NL,2,0,0,0,0,0,0,0,0,0,0,0,0,,,,,0,,0,0,,,/1,,kellesh01
188,Joe Kelly,28,BOS,AL,3,0,0,0,0,0,0,0,0,0,0,0,0,,,,,0,0,0,0,0,0,/*1,,kellyjo05
189,Craig Kimbrel,28,BOS,AL,2,0,0,0,0,0,0,0,0,0,0,0,0,,,,,0,0,0,0,0,0,/1,,kimbrcr01
190,George Kontos,31,SFG,NL,1,0,0,0,0,0,0,0,0,0,0,0,0,,,,,0,,0,0,,,/1,,kontoge01
191,Derek Law,25,SFG,NL,3,0,0,0,0,0,0,0,0,0,0,0,0,,,,,0,,0,0,,,/*1,,lawde01
192,Colby Lewis,36,TEX,AL,1,0,0,0,0,0,0,0,0,0,0,0,0,,,,,0,0,0,0,0,0,/1,,lewisco01
193,Francisco Liriano*,32,TOR,AL,2,0,0,0,0,0,0,0,0,0,0,0,0,,,,,0,0,0,0,0,0,/1,,liriafr01
194,Javier López*,38,SFG,NL,2,0,0,0,0,0,0,0,0,0,0,0,0,,,,,0,,0,0,,,/1,,lopezja02
195,Reynaldo López,22,WSN,NL,1,0,0,0,0,0,0,0,0,0,0,0,0,,,,,0,,0,0,,,/1,,lopezre01
196,Jeff Manship,31,CLE,ALWS,3,0,0,0,0,0,0,0,0,0,0,0,0,,,,,0,0,0,0,0,0,/1,,manshje01
197,Zach McAllister,28,CLE,ALWS,3,0,0,0,0,0,0,0,0,0,0,0,0,,,,,0,0,0,0,0,0,/1,,mcallza01
198,Mark Melancon,31,WSN,NL,4,0,0,0,0,0,0,0,0,0,0,0,0,,,,,0,,0,0,,,/*1,,melanma01
199,Ryan Merritt*,24,CLE,AL,1,0,0,0,0,0,0,0,0,0,0,0,0,,,,,0,0,0,0,0,0,/1,,merriry01
200,Andrew Miller*,31,CLE,ALWS,10,0,0,0,0,0,0,0,0,0,0,0,0,,,,,0,0,0,0,0,0,1,ALCS MVP,millean01
201,Darren O'Day,33,BAL,AL,1,0,0,0,0,0,0,0,0,0,0,0,0,,,,,0,0,0,0,0,0,/*1,,odayda01
202,Roberto Osuna,21,TOR,AL,7,0,0,0,0,0,0,0,0,0,0,0,0,,,,,0,0,0,0,0,0,/*1,,osunaro01
203,Dan Otero,31,CLE,ALWS,6,0,0,0,0,0,0,0,0,0,0,0,0,,,,,0,0,0,0,0,0,/1,,oteroda01
204,Óliver Pérez*,34,WSN,NL,4,0,0,0,0,0,0,0,0,0,0,0,0,,,,,0,,0,0,,,/*1,,perezol01
205,Drew Pomeranz,27,BOS,AL,2,0,0,0,0,0,0,0,0,0,0,0,0,,,,,0,0,0,0,0,0,/1,,pomerdr01
206,Rick Porcello,27,BOS,AL,1,0,0,0,0,0,0,0,0,0,0,0,0,,,,,0,0,0,0,0,0,/1,,porceri01
207,David Price*,30,BOS,AL,1,0,0,0,0,0,0,0,0,0,0,0,0,,,,,0,0,0,0,0,0,/1,,priceda01
208,Addison Reed*,27,NYM,NL,1,0,0,0,0,0,0,0,0,0,0,0,0,,,,,0,,0,0,,,/*1,,reedad01
209,Sergio Romo,33,SFG,NL,2,0,0,0,0,0,0,0,0,0,0,0,0,,,,,0,,0,0,,,/1,,romose01
210,Héctor Rondón,28,CHC,NLWS,7,0,0,0,0,0,0,0,0,0,0,0,0,,,,,0,,0,0,,,/1,,rondohe01
211,Robbie Ross*,27,BOS,AL,1,0,0,0,0,0,0,0,0,0,0,0,0,,,,,0,0,0,0,0,0,/1,,rossro01
212,Marc Rzepczynski*,30,WSN,NL,3,0,0,0,0,0,0,0,0,0,0,0,0,,,,,0,,0,0,,,/1,,rzepcma01
213,Danny Salazar,26,CLE,WS,2,0,0,0,0,0,0,0,0,0,0,0,0,,,,,0,0,0,0,0,0,/1,,salazda01
214,Jeff Samardzija,31,SFG,NL,1,0,0,0,0,0,0,0,0,0,0,0,0,,,,,0,,0,0,,,/1,,samarje01
215,Aaron Sanchez,23,TOR,AL,2,0,0,0,0,0,0,0,0,0,0,0,0,,,,,0,0,0,0,0,0,/1,,sanchaa01
216,Bryan Shaw#,28,CLE,ALWS,11,0,0,0,0,0,0,0,0,0,0,0,0,,,,,0,0,0,0,0,0,*1,,shawbr01
217,Will Smith,26,SFG,NL,2,0,0,0,0,0,0,0,0,0,0,0,0,,,,,0,,0,0,,,/1,,smithwi04
218,Sammy Solís,27,WSN,NL,5,0,0,0,0,0,0,0,0,0,0,0,0,,,,,0,,0,0,,,/*1,,solissa01
219,Hunter Strickland,27,SFG,NL,3,0,0,0,0,0,0,0,0,0,0,0,0,,,,,0,,0,0,,,/*1,,strichu01
220,Ross Stripling,26,LAD,NL,5,0,0,0,0,0,0,0,0,0,0,0,0,,,,,0,,0,0,,,/1,,stripro01
221,Marcus Stroman,25,TOR,AL,2,0,0,0,0,0,0,0,0,0,0,0,0,,,,,0,0,0,0,0,0,/1,,stromma01
222,Pedro Strop,31,CHC,NLWS,8,0,0,0,0,0,0,0,0,0,0,0,0,,,,,0,,0,0,,,/1,,stroppe01
223,Ryan Tepera,28,TOR,AL,1,0,0,0,0,0,0,0,0,0,0,0,0,,,,,0,0,0,0,0,0,/1,,teperry01
224,Chris Tillman,28,BAL,AL,1,0,0,0,0,0,0,0,0,0,0,0,0,,,,,0,0,0,0,0,0,/*1,,tillmch01
225,Blake Treinen,28,WSN,NL,3,0,0,0,0,0,0,0,0,0,0,0,0,,,,,0,,0,0,,,/1,,treinbl01
226,Koji Uehara,41,BOS,AL,2,0,0,0,0,0,0,0,0,0,0,0,0,,,,,0,0,0,0,0,0,/1,,ueharko01
227,Alex Wood,25,LAD,NL,1,0,0,0,0,0,0,0,0,0,0,0,0,,,,,0,,0,0,,,/1,,woodal02
228,Brad Ziegler,36,BOS,AL,1,0,0,0,0,0,0,0,0,0,0,0,0,,,,,0,0,0,0,0,0,/1,,zieglbr01
,MLB Average,,,,,,,,,,,,,,,,,.224,.291,.367,.658,,,,,,,,,-9999