Rk,Player,Age,Team,Lg,G,PA,AB,R,H,2B,3B,HR,RBI,SB,CS,BB,SO,BA,OBP,SLG,OPS,TB,GIDP,HBP,SH,SF,IBB,Pos,Awards,Player-additional
1,Kyle Schwarber*,29,PHI,NLWS,17,74,55,13,12,0,0,6,10,3,0,15,18,.218,.392,.545,.937,30,0,2,0,2,3,*7,,schwaky01
2,Rhys Hoskins,29,PHI,NLWS,17,73,69,9,11,1,0,6,12,0,0,4,24,.159,.205,.435,.640,30,2,0,0,0,0,*3,,hoskirh01
3,J.T. Realmuto,31,PHI,NLWS,17,72,65,11,14,1,0,3,6,0,0,6,24,.215,.292,.369,.661,24,0,1,0,0,0,*2,,realmjt01
4,Bryce Harper*,29,PHI,NLWS,17,71,63,12,22,7,0,6,13,1,0,6,14,.349,.414,.746,1.160,47,3,1,1,0,1,*D,NLCS MVP,harpebr03
5,Nick Castellanos,30,PHI,NLWS,17,69,65,8,12,4,0,0,7,0,0,3,18,.185,.232,.246,.478,16,2,1,0,0,0,*9,,casteni01
6,Alec Bohm,25,PHI,NLWS,17,65,58,6,13,5,0,1,8,0,1,4,16,.224,.292,.362,.654,21,1,2,0,1,1,*5,,bohmal01
7,Jose Altuve,32,HOU,ALWS,13,62,58,8,11,3,0,0,0,1,1,4,14,.190,.242,.241,.483,14,4,0,0,0,0,*4,,altuvjo01
8,Yordan Alvarez*,25,HOU,ALWS,13,61,52,9,10,3,0,3,14,0,0,6,16,.192,.311,.423,.735,22,0,3,0,0,2,*7/D,,alvaryo01
9,Jeremy Peña,24,HOU,ALWS,13,61,58,12,20,5,0,4,8,0,1,2,15,.345,.367,.638,1.005,37,0,0,1,0,0,*6,ALCS MVPWS MVP,penaje02
10,Jean Segura,32,PHI,NLWS,17,61,56,4,12,2,0,0,7,1,0,2,14,.214,.250,.250,.500,14,0,1,1,1,0,*4,,segurje01
11,Alex Bregman,28,HOU,ALWS,13,58,51,7,15,5,0,3,11,1,0,6,6,.294,.379,.569,.948,29,2,1,0,0,0,*5,,bregmal01
12,Kyle Tucker*,25,HOU,ALWS,13,57,49,4,10,1,0,3,6,1,0,7,14,.204,.298,.408,.706,20,1,0,0,1,0,*9,,tuckeky01
13,Manny Machado,29,SDP,NL,12,52,48,4,13,3,0,4,7,0,0,4,17,.271,.327,.583,.910,28,0,0,0,0,0,*5,,machama01
14,Jurickson Profar#,29,SDP,NL,12,52,44,6,11,0,0,1,5,0,0,8,8,.250,.365,.318,.684,14,0,0,0,0,0,*7,,profaju01
15,Juan Soto*,23,SDP,NL,12,52,46,7,11,2,0,2,7,1,1,4,10,.239,.314,.413,.727,19,0,1,1,0,0,*9,,sotoju01
16,Bryson Stott*,24,PHI,NLWS,16,51,44,3,6,4,0,0,3,0,0,7,12,.136,.255,.227,.482,10,1,0,0,0,0,*6/H,,stottbr01
17,Yuli Gurriel,38,HOU,ALWS,12,50,49,4,17,1,0,2,4,2,0,1,1,.347,.360,.490,.850,24,0,0,0,0,0,*3,,gourryu01
18,Jake Cronenworth*,28,SDP,NL,12,49,46,6,11,0,0,1,6,0,0,1,15,.239,.286,.304,.590,14,0,2,0,0,0,*4,,croneja01
19,Ha-Seong Kim,26,SDP,NL,12,49,43,8,8,3,0,0,3,1,1,6,14,.186,.286,.256,.542,11,0,0,0,0,0,*6,,kimha01
20,Trent Grisham*,25,SDP,NL,12,46,40,8,8,0,0,3,5,0,0,4,15,.200,.304,.425,.729,17,0,2,0,0,1,*8,,grishtr01
21,Chas McCormick,27,HOU,ALWS,12,46,39,5,9,0,0,2,3,0,0,5,15,.231,.333,.385,.718,15,0,1,1,0,0,*8/7,,mccorch01
22,Austin Nola,32,SDP,NL,12,46,40,3,9,2,0,0,5,0,0,3,10,.225,.273,.275,.548,11,0,0,2,1,0,*2,,nolaau01
23,Brandon Marsh*,24,PHI,NLWS,16,45,39,5,7,3,0,2,5,1,0,4,17,.179,.273,.410,.683,16,1,1,1,0,0,*8/H,,marshbr02
24,Aaron Judge,30,NYY,AL,9,38,36,5,5,0,0,2,3,1,0,2,15,.139,.184,.306,.490,11,0,0,0,0,0,*/9,,judgeaa01
25,Josh Bell#,29,SDP,NL,10,37,36,4,9,1,0,2,5,0,0,1,12,.250,.270,.444,.715,16,1,0,0,0,0,/*DH3,,belljo02
26,Anthony Rizzo*,32,NYY,AL,9,37,29,4,8,2,0,2,8,0,1,5,8,.276,.432,.552,.984,16,0,3,0,0,0,/*3,,rizzoan01
27,Gleyber Torres,25,NYY,AL,9,37,34,4,6,0,0,0,2,2,0,3,10,.176,.243,.176,.420,6,1,0,0,0,0,/*4,,torregl01
28,Josh Donaldson,36,NYY,AL,9,36,29,1,5,1,0,0,0,0,0,7,16,.172,.333,.207,.540,6,0,0,0,0,0,/*5,,donaljo02
29,Harrison Bader,28,NYY,AL,9,35,30,8,10,0,0,5,6,0,1,4,6,.333,.429,.833,1.262,25,0,1,0,0,0,*/8,,baderha01
30,Giancarlo Stanton,32,NYY,AL,9,35,32,3,6,2,0,2,7,0,0,2,9,.188,.229,.438,.666,14,0,0,0,1,0,/*D7,,stantmi03
31,Martín Maldonado,35,HOU,ALWS,11,33,29,2,6,1,0,0,2,0,0,2,11,.207,.303,.241,.544,7,0,2,0,0,0,*2,,maldoma01
32,Oscar González,24,CLE,AL,7,32,31,2,7,0,0,1,4,0,0,0,9,.226,.250,.323,.573,10,0,1,0,0,0,*/9,,gonzaos01
33,Steven Kwan*,24,CLE,AL,7,32,30,4,9,1,0,1,2,1,0,2,2,.300,.344,.433,.777,13,0,0,0,0,0,*/7,,kwanst01
34,José Ramírez#,29,CLE,AL,7,32,30,2,10,2,0,1,4,0,0,1,7,.333,.344,.500,.844,15,0,0,0,1,0,/*5,,ramirjo01
35,Amed Rosario,26,CLE,AL,7,32,29,3,7,0,0,1,2,1,0,1,10,.241,.313,.345,.657,10,1,2,0,0,0,/*6,,rosaram01
36,Brandon Drury,29,SDP,NL,8,31,30,2,7,1,0,1,5,0,0,1,11,.233,.258,.367,.625,11,0,0,0,0,0,/3D,,drurybr01
37,Josh Naylor*,25,CLE,AL,7,31,31,2,6,1,0,1,3,0,0,0,6,.194,.194,.323,.516,10,2,0,0,0,0,/3D,,naylojo01
38,Wil Myers,31,SDP,NL,10,30,29,1,3,0,0,1,1,0,0,1,13,.103,.133,.207,.340,6,1,0,0,0,0,/*3DH,,myerswi01
39,Oswaldo Cabrera#,23,NYY,AL,8,29,28,2,2,1,0,1,2,0,0,1,12,.071,.103,.214,.318,6,0,0,0,0,0,/76,,cabreos01
40,Andrés Giménez*,23,CLE,AL,7,29,28,1,5,1,0,0,1,1,0,1,14,.179,.207,.214,.421,6,0,0,0,0,0,/*4,,gimenan01
41,Julio Rodríguez,21,SEA,AL,5,28,23,5,5,3,1,0,2,1,0,3,7,.217,.357,.435,.792,10,0,2,0,0,1,*/8,,rodriju01
42,Ty France,27,SEA,AL,5,27,26,1,6,1,0,0,2,0,0,1,6,.231,.259,.269,.528,7,0,0,0,0,0,/*3,,francty01
43,Myles Straw,27,CLE,AL,7,27,25,1,4,1,0,0,0,1,0,2,3,.160,.222,.200,.422,5,0,0,0,0,0,*/8,,strawmy01
44,J.P. Crawford*,27,SEA,AL,5,24,21,1,4,2,0,1,4,0,0,3,4,.190,.292,.429,.720,9,0,0,0,0,0,/*6,,crawfjp01
45,Adam Frazier*,30,SEA,AL,5,24,23,3,5,1,0,0,1,0,0,1,5,.217,.250,.261,.511,6,1,0,0,0,0,/*4,,fraziad01
46,Mitch Haniger,31,SEA,AL,5,24,21,2,5,2,0,0,0,0,0,2,5,.238,.333,.333,.667,7,0,1,0,0,0,*/9,,hanigmi01
47,Trey Mancini,30,HOU,ALWS,8,24,21,0,1,0,0,0,1,0,0,1,8,.048,.125,.048,.173,1,0,1,0,1,0,/D3H,,mancitr01
48,Cal Raleigh#,25,SEA,AL,5,24,22,4,5,1,0,1,4,0,0,2,8,.227,.292,.409,.701,9,0,0,0,0,0,/*2,,raleica01
49,Carlos Santana#,36,SEA,AL,5,24,22,1,5,2,0,1,4,0,0,2,8,.227,.292,.455,.746,10,0,0,0,0,1,/*D,,santaca01
50,Aledmys Díaz,31,HOU,ALWS,8,23,22,0,1,1,0,0,0,0,0,0,6,.045,.087,.091,.178,2,1,1,0,0,0,/D7H,,diazal02
51,Jose Trevino,29,NYY,AL,7,23,22,0,1,0,0,0,1,0,0,0,6,.045,.043,.045,.089,1,0,0,0,1,0,/*2,,trevijo01
52,Eugenio Suárez,30,SEA,AL,5,21,20,5,7,2,0,1,3,0,0,1,5,.350,.381,.600,.981,12,1,0,0,0,0,/*5,,suareeu01
53,Isiah Kiner-Falefa,27,NYY,AL,6,20,18,2,5,1,0,0,0,1,0,1,4,.278,.350,.333,.683,6,2,1,0,0,0,/65,,kineris01
54,Christian Vázquez,31,HOU,ALWS,6,19,17,1,4,0,0,0,3,0,0,1,6,.235,.316,.235,.551,4,1,1,0,0,0,/2HD,,vazquch01
55,Mookie Betts,29,LAD,NL,4,18,14,2,2,1,0,0,1,0,1,3,4,.143,.278,.214,.492,3,0,0,0,1,0,*/9,,bettsmo01
56,Freddie Freeman*,32,LAD,NL,4,18,14,1,5,3,0,1,3,1,0,3,4,.357,.500,.786,1.286,11,0,1,0,0,1,/*3,,freemfr01
57,Austin Hedges,29,CLE,AL,7,18,15,1,2,0,0,0,0,0,0,3,5,.133,.278,.133,.411,2,0,0,0,0,0,/*2,,hedgeau01
58,Jarred Kelenic*,22,SEA,AL,5,18,17,1,2,0,0,0,1,0,1,0,7,.118,.111,.118,.229,2,0,0,0,1,0,*/7H,,kelenja01
59,Trea Turner,29,LAD,NL,4,18,18,4,6,2,0,2,2,1,0,0,5,.333,.333,.778,1.111,14,0,0,0,0,0,/*6,,turnetr01
60,Ronald Acuña Jr.,24,ATL,NL,4,17,15,2,5,1,0,0,0,0,0,1,5,.333,.412,.400,.812,6,0,1,0,0,0,*/9,,acunaro01
61,Matt Olson*,28,ATL,NL,4,17,12,4,4,0,0,2,5,0,0,5,4,.333,.529,.833,1.363,10,0,0,0,0,0,/*3,,olsonma02
62,Will Smith,27,LAD,NL,4,17,16,2,3,2,0,0,2,0,0,0,2,.188,.176,.313,.489,5,0,0,0,1,0,/*2D,,smithwi05
63,Dansby Swanson,28,ATL,NL,4,17,16,3,2,1,0,0,0,0,0,1,7,.125,.176,.188,.364,3,0,0,0,0,0,/*6,,swansda01
64,Travis d'Arnaud,33,ATL,NL,4,16,16,2,6,3,0,2,5,0,0,0,4,.375,.375,.938,1.313,15,0,0,0,0,0,/*2,,darnatr01
65,Max Muncy*,31,LAD,NL,4,16,14,2,4,1,0,1,2,0,0,2,6,.286,.375,.571,.946,8,0,0,0,0,0,/*54,,muncyma01
66,Austin Riley,25,ATL,NL,4,16,15,0,1,0,0,0,1,0,0,1,5,.067,.125,.067,.192,1,0,0,0,0,0,/*5,,rileyau01
67,Trayce Thompson,31,LAD,NL,4,16,13,1,2,0,0,0,0,0,0,3,6,.154,.313,.154,.466,2,0,0,0,0,0,*/78,,thomptr01
68,Justin Turner,37,LAD,NL,4,16,13,0,2,0,0,0,0,0,0,3,3,.154,.313,.154,.466,2,0,0,0,0,0,/*D5,,turneju01
69,Matt Vierling,25,PHI,NLWS,12,15,13,2,2,1,0,0,1,0,0,1,4,.154,.214,.231,.445,3,1,0,1,0,0,*/78H9,,vierlma01
70,Michael Harris II*,21,ATL,NL,4,14,14,0,1,0,0,0,1,1,0,0,2,.071,.071,.071,.143,1,0,0,0,0,0,*/8,,harrimi04
71,Gavin Lux*,24,LAD,NL,4,13,13,0,3,1,0,0,1,0,0,0,5,.231,.231,.308,.538,4,1,0,0,0,0,/*4H,,luxga01
72,Starling Marte,33,NYM,NL,3,13,12,0,2,0,0,0,0,2,0,1,1,.167,.231,.167,.397,2,1,0,0,0,0,*/9,,martest01
73,Brandon Nimmo*,29,NYM,NL,3,13,12,0,4,0,1,0,1,0,0,1,1,.333,.385,.500,.885,6,0,0,0,0,0,*/8,,nimmobr01
74,Pete Alonso,27,NYM,NL,3,12,10,2,3,0,0,1,1,0,0,2,4,.300,.417,.600,1.017,6,0,0,0,0,0,/*3,,alonspe01
75,Orlando Arcia,27,ATL,NL,4,12,10,1,3,0,0,1,1,0,0,2,2,.300,.417,.600,1.017,6,0,0,0,0,0,/*4H,,arciaor01
76,Mark Canha,33,NYM,NL,3,12,10,1,0,0,0,0,0,0,0,2,2,.000,.167,.000,.167,0,0,0,0,0,0,*/7,,canhama01
77,Matt Carpenter*,36,NYY,AL,6,12,12,0,1,0,0,0,0,0,0,0,9,.083,.083,.083,.167,1,0,0,0,0,0,/HD,,carpema01
78,Francisco Lindor#,28,NYM,NL,3,12,10,2,2,0,0,1,1,1,0,1,2,.200,.333,.500,.833,5,0,1,0,0,0,/*6,,lindofr01
79,Gabriel Arias,22,CLE,AL,3,11,11,1,3,1,0,0,0,0,0,0,5,.273,.273,.364,.636,4,1,0,0,0,0,/3,,ariasga01
80,Will Brennan*,24,CLE,AL,5,11,11,0,2,0,0,0,1,0,0,0,6,.182,.182,.182,.364,2,1,0,0,0,0,/HD,,brennwi02
81,Eduardo Escobar#,33,NYM,NL,3,11,9,2,3,1,0,1,2,0,0,2,3,.333,.455,.778,1.232,7,0,0,0,0,0,/*5,,escobed01
82,Jeff McNeil*,30,NYM,NL,3,11,11,1,2,1,0,0,2,0,0,0,1,.182,.182,.273,.455,3,0,0,0,0,0,/*4,,mcneije01
83,Owen Miller,25,CLE,AL,5,11,9,0,1,0,0,0,0,0,0,1,4,.111,.273,.111,.384,1,1,1,0,0,0,/DH,,milleow01
84,Randy Arozarena,27,TBR,AL,2,10,9,0,1,0,0,0,0,0,0,1,5,.111,.200,.111,.311,1,0,0,0,0,0,*/7,,arozara01
85,Yandy Díaz,30,TBR,AL,2,10,10,0,0,0,0,0,0,0,0,0,4,.000,.000,.000,.000,0,0,0,0,0,0,/*53,,diazya01
86,Wander Franco#,21,TBR,AL,2,10,9,0,1,0,0,0,0,0,0,1,2,.111,.200,.111,.311,1,0,0,0,0,0,/*6,,francwa01
87,Edmundo Sosa,26,PHI,NLWS,12,10,8,2,2,1,0,0,2,0,0,1,4,.250,.300,.375,.675,3,0,0,0,1,0,/56H,,sosaed01
88,Bo Bichette,24,TOR,AL,2,9,8,1,2,1,0,0,0,1,0,1,1,.250,.333,.375,.708,3,0,0,0,0,0,/*6,,bichebo01
89,Matt Chapman,29,TOR,AL,2,9,7,0,3,1,0,0,1,0,0,1,2,.429,.444,.571,1.016,4,0,0,0,1,0,/*5,,chapmma01
90,William Contreras,24,ATL,NL,3,9,8,1,1,1,0,0,0,0,0,1,4,.125,.222,.250,.472,2,1,0,0,0,0,/DH,,contrwi02
91,Vladimir Guerrero Jr.,23,TOR,AL,2,9,8,1,1,0,0,0,1,0,0,1,1,.125,.222,.125,.347,1,0,0,0,0,1,/*3,,guerrvl02
92,David Hensley,26,HOU,ALWS,4,9,8,0,2,0,0,0,0,0,0,0,4,.250,.333,.250,.583,2,0,1,0,0,0,/DH,,henslda01
93,Teoscar Hernández,29,TOR,AL,2,9,8,3,2,0,0,2,4,1,0,0,1,.250,.333,1.000,1.333,8,1,1,0,0,0,*/9,,hernate01
94,Alejandro Kirk,23,TOR,AL,2,9,8,2,3,1,0,0,0,0,0,1,1,.375,.444,.500,.944,4,0,0,0,0,0,/2D,,kirkal01
95,Manuel Margot,27,TBR,AL,2,9,8,0,1,0,0,0,0,0,1,1,1,.125,.222,.125,.347,1,1,0,0,0,0,*/9,,margoma01
96,Dylan Moore,29,SEA,AL,3,9,7,0,1,0,0,0,1,0,0,2,4,.143,.333,.143,.476,1,0,0,0,0,0,/7H5,,mooredy01
97,Tomás Nido,28,NYM,NL,3,9,8,0,1,0,0,0,0,0,0,1,4,.125,.222,.125,.347,1,1,0,0,0,0,/*2,,nidoto01
98,Harold Ramírez,27,TBR,AL,2,9,9,0,1,0,0,0,0,0,0,0,3,.111,.111,.111,.222,1,1,0,0,0,0,/*D,,ramirha02
99,Jose Siri,26,TBR,AL,2,9,9,1,1,0,0,1,1,0,0,0,5,.111,.111,.444,.556,4,0,0,0,0,0,*/8,,sirijo01
100,Nolan Arenado,31,STL,NL,2,8,8,1,1,0,0,0,0,0,0,0,2,.125,.125,.125,.250,1,0,0,0,0,0,/*5,,arenano01
101,Paul Goldschmidt,34,STL,NL,2,8,7,0,0,0,0,0,0,0,0,0,4,.000,.125,.000,.125,0,0,1,0,0,0,/*3,,goldspa01
102,Danny Jansen,27,TOR,AL,2,8,8,0,3,1,0,0,2,0,0,0,4,.375,.375,.500,.875,4,0,0,0,0,0,/2D,,janseda01
103,Yadier Molina,39,STL,NL,2,8,8,0,1,0,0,0,0,0,0,0,2,.125,.125,.125,.250,1,0,0,0,0,0,/*2,,molinya01
104,Lars Nootbaar*,24,STL,NL,2,8,6,0,2,1,0,0,0,0,0,2,2,.333,.500,.500,1.000,3,0,0,0,0,0,*/789,,nootbla01
105,Marcell Ozuna,31,ATL,NL,3,8,8,0,0,0,0,0,0,0,0,0,4,.000,.000,.000,.000,0,0,0,0,0,0,/D7H,,ozunama01
106,Albert Pujols,42,STL,NL,2,8,8,0,2,0,0,0,0,0,0,0,1,.250,.250,.250,.500,2,1,0,0,0,0,/*D,,pujolal01
107,Eddie Rosario*,30,ATL,NL,4,8,8,0,0,0,0,0,0,0,0,0,1,.000,.000,.000,.000,0,0,0,0,0,0,*/7,,rosared01
108,George Springer,32,TOR,AL,2,8,7,0,2,0,0,0,0,0,0,0,3,.286,.375,.286,.661,2,0,1,0,0,0,*/8,,springe01
109,Daniel Vogelbach*,29,NYM,NL,3,8,7,0,0,0,0,0,1,0,0,0,1,.000,.000,.000,.000,0,0,0,0,1,0,/*DH,,vogelda01
110,Cody Bellinger*,26,LAD,NL,3,7,7,0,1,0,0,0,0,0,0,0,4,.143,.143,.143,.286,1,0,0,0,0,0,*/8H,,bellico01
111,Jiman Choi*,31,TBR,AL,2,7,5,0,0,0,0,0,0,0,0,2,1,.000,.286,.000,.286,0,0,0,0,0,0,/*3,,choiji01
112,Brendan Donovan*,25,STL,NL,2,7,7,0,0,0,0,0,0,0,0,0,2,.000,.000,.000,.000,0,0,0,0,0,0,/*4,,donovbr01
113,Tommy Edman#,27,STL,NL,2,7,6,0,1,0,0,0,0,0,0,1,1,.167,.286,.167,.452,1,0,0,0,0,0,/*64,,edmanto01
114,Kyle Higashioka,32,NYY,AL,3,7,6,0,0,0,0,0,0,0,0,1,5,.000,.143,.000,.143,0,0,0,0,0,0,/2,,higasky01
115,Chris Taylor,31,LAD,NL,2,7,7,0,0,0,0,0,0,0,0,0,5,.000,.000,.000,.000,0,0,0,0,0,0,/7,,tayloch03
116,Corey Dickerson*,33,STL,NL,2,6,6,0,2,0,0,0,0,0,0,0,1,.333,.333,.333,.667,2,0,0,0,0,0,*/7,,dickeco01
117,Whit Merrifield,33,TOR,AL,2,6,5,0,1,0,0,0,0,0,0,0,0,.200,.333,.200,.533,1,1,1,0,0,0,/47,,merriwh01
118,Raimel Tapia*,28,TOR,AL,2,6,6,0,0,0,0,0,0,0,0,0,1,.000,.000,.000,.000,0,0,0,0,0,0,*/7,,tapiara01
119,Christian Bethancourt,30,TBR,AL,2,5,5,0,0,0,0,0,0,0,0,0,3,.000,.000,.000,.000,0,0,0,0,0,0,/*2,,bethach01
120,Taylor Walls#,25,TBR,AL,2,5,5,0,1,0,0,0,0,0,0,0,2,.200,.200,.200,.400,1,0,0,0,0,0,/45H,,wallsta01
121,Juan Yepez,24,STL,NL,2,5,5,1,2,0,0,1,2,0,0,0,0,.400,.400,1.000,1.400,5,0,0,0,0,0,/9H,,yepezju01
122,Dylan Carlson#,23,STL,NL,2,4,2,1,0,0,0,0,0,0,0,2,0,.000,.500,.000,.500,0,0,0,0,0,0,/89H,,carlsdy01
123,Santiago Espinal,27,TOR,AL,1,4,4,2,2,1,0,0,0,0,0,0,0,.500,.500,.750,1.250,3,0,0,0,0,0,/4,,espinsa01
124,Aaron Hicks#,32,NYY,AL,2,4,3,0,0,0,0,0,0,0,0,1,0,.000,.250,.000,.250,0,0,0,0,0,0,/7,,hicksaa01
125,Luke Maile,31,CLE,AL,5,4,3,0,1,0,0,0,0,0,0,1,0,.333,.500,.333,.833,1,0,0,0,0,0,/*2,,mailelu01
126,Isaac Paredes,23,TBR,AL,2,4,3,0,2,0,0,0,0,0,0,1,0,.667,.750,.667,1.417,2,0,0,0,0,0,/4H,,paredis01
127,Austin Barnes,32,LAD,NL,2,3,3,0,2,1,0,0,0,0,0,0,0,.667,.667,1.000,1.667,3,0,0,0,0,0,/2H,,barneau01
128,Vaughn Grissom,21,ATL,NL,2,3,3,0,0,0,0,0,0,0,0,0,3,.000,.000,.000,.000,0,0,0,0,0,0,/4H,,grissva01
129,Robbie Grossman#,32,ATL,NL,2,3,3,0,0,0,0,0,0,0,0,0,2,.000,.000,.000,.000,0,0,0,0,0,0,/7,,grossro01
130,Francisco Mejia#,26,TBR,AL,1,3,3,0,0,0,0,0,0,0,0,0,2,.000,.000,.000,.000,0,0,0,0,0,0,/2,,mejiafr01
131,Oswald Peraza,22,NYY,AL,3,3,3,0,0,0,0,0,0,0,0,0,2,.000,.000,.000,.000,0,0,0,0,0,0,/*6H,,perazos02
132,Darin Ruf,35,NYM,NL,1,3,1,0,0,0,0,0,0,0,0,1,1,.000,.667,.000,.667,0,0,1,0,0,0,/D,,rufda01
133,Vidal Bruján#,24,TBR,AL,2,2,2,0,1,0,0,0,0,2,0,0,0,.500,.500,.500,1.000,1,0,0,0,0,0,/*4H,,brujavi01
134,Jake Meyers,26,HOU,AL,2,2,2,1,0,0,0,0,0,0,0,0,2,.000,.000,.000,.000,0,0,0,0,0,0,/8H,,meyerja02
135,Francisco Alvarez,20,NYM,NL,1,1,1,0,0,0,0,0,0,0,0,0,1,.000,.000,.000,.000,0,0,0,0,0,0,/H,,alvarfr01
136,Will Benson*,24,CLE,AL,1,1,1,0,0,0,0,0,0,0,0,0,0,.000,.000,.000,.000,0,0,0,0,0,0,/H,,bensowi01
137,Jackie Bradley Jr.*,32,TOR,AL,1,1,1,0,0,0,0,0,0,0,0,0,1,.000,.000,.000,.000,0,0,0,0,0,0,/8,,bradlja02
138,Paul DeJong,28,STL,NL,1,1,1,0,0,0,0,0,0,0,0,0,0,.000,.000,.000,.000,0,0,0,0,0,0,/6,,dejonpa01
139,Marwin González#,33,NYY,AL,1,1,1,0,0,0,0,0,0,0,0,0,1,.000,.000,.000,.000,0,0,0,0,0,0,/7,,gonzama01
140,Nolan Gorman*,22,STL,NL,1,1,1,0,1,0,0,0,1,0,0,0,0,1.000,1.000,1.000,2.000,1,0,0,0,0,0,/H,,gormano01
141,Luis Guillorme*,27,NYM,NL,1,1,1,0,0,0,0,0,0,0,0,0,1,.000,.000,.000,.000,0,0,0,0,0,0,/H,,guilllu01
142,Tim Locastro,29,NYY,AL,2,1,1,0,0,0,0,0,0,1,0,0,0,.000,.000,.000,.000,0,0,0,0,0,0,/HD,,locasti01
143,Nick Maton*,25,PHI,WS,1,1,1,0,0,0,0,0,0,0,0,0,0,.000,.000,.000,.000,0,0,0,0,0,0,/H,,matonni01
144,David Peralta*,34,TBR,AL,1,1,1,0,0,0,0,0,0,0,0,0,1,.000,.000,.000,.000,0,0,0,0,0,0,/H,,peralda01
145,Bryan Abreu,25,HOU,ALWS,10,0,0,0,0,0,0,0,0,0,0,0,0,,,,,0,0,0,0,0,0,*1,,abreubr01
146,Jason Adam,30,TBR,AL,1,0,0,0,0,0,0,0,0,0,0,0,0,,,,,0,0,0,0,0,0,/1,,adamja01
147,Yency Almonte,28,LAD,NL,3,0,0,0,0,0,0,0,0,0,0,0,0,,,,,0,0,0,0,0,0,/*1,,almonye01
148,José Alvarado*,27,PHI,NLWS,12,0,0,0,0,0,0,0,0,0,0,0,0,,,,,0,0,0,0,0,0,*1,,alvarjo03
149,Tyler Anderson*,32,LAD,NL,1,0,0,0,0,0,0,0,0,0,0,0,0,,,,,0,0,0,0,0,0,/1,,anderty01
150,Shawn Armstrong,31,TBR,AL,1,0,0,0,0,0,0,0,0,0,0,0,0,,,,,0,0,0,0,0,0,/1,,armstsh01
151,José Azócar,26,SDP,NL,3,0,0,1,0,0,0,0,0,1,0,0,0,,,,,0,,0,0,,,/7HD,,azocajo01
152,Anthony Bass,34,TOR,AL,1,0,0,0,0,0,0,0,0,0,0,0,0,,,,,0,0,0,0,0,0,/1,,bassan01
153,Chris Bassitt,33,NYM,NL,1,0,0,0,0,0,0,0,0,0,0,0,0,,,,,0,0,0,0,0,0,/1,,bassich01
154,Andrew Bellatti,30,PHI,NLWS,8,0,0,0,0,0,0,0,0,0,0,0,0,,,,,0,0,0,0,0,0,/1,,bellaan01
155,Shane Bieber,27,CLE,AL,2,0,0,0,0,0,0,0,0,0,0,0,0,,,,,0,0,0,0,0,0,/1,,biebesh01
156,Matthew Boyd*,31,SEA,AL,1,0,0,0,0,0,0,0,0,0,0,0,0,,,,,0,0,0,0,0,0,/1,,boydma01
157,Matt Brash,24,SEA,AL,3,0,0,0,0,0,0,0,0,0,0,0,0,,,,,0,0,0,0,0,0,/1,,brashma01
158,Connor Brogdon,27,PHI,NLWS,7,0,0,0,0,0,0,0,0,0,0,0,0,,,,,0,0,0,0,0,0,/1,,brogdco01
159,Hunter Brown,23,HOU,AL,3,0,0,0,0,0,0,0,0,0,0,0,0,,,,,0,0,0,0,0,0,/1,,brownhu01
160,Diego Castillo,28,SEA,AL,3,0,0,0,0,0,0,0,0,0,0,0,0,,,,,0,0,0,0,0,0,/1,,castidi01
161,Luis Castillo,29,SEA,AL,2,0,0,0,0,0,0,0,0,0,0,0,0,,,,,0,0,0,0,0,0,/1,,castilu02
162,Miguel Castro,27,NYY,AL,2,0,0,0,0,0,0,0,0,0,0,0,0,,,,,0,0,0,0,0,0,/1,,castrmi01
163,Jesse Chavez,38,ATL,NL,2,0,0,0,0,0,0,0,0,0,0,0,0,,,,,0,0,0,0,0,0,/1,,chaveje01
164,Adam Cimber,31,TOR,AL,2,0,0,0,0,0,0,0,0,0,0,0,0,,,,,0,0,0,0,0,0,/*1,,cimbead01
165,Aaron Civale,27,CLE,AL,1,0,0,0,0,0,0,0,0,0,0,0,0,,,,,0,0,0,0,0,0,/1,,civalaa01
166,Emmanuel Clase,24,CLE,AL,4,0,0,0,0,0,0,0,0,0,0,0,0,,,,,0,0,0,0,0,0,/1,,claseem01
167,Garrett Cleavinger,28,TBR,AL,2,0,0,0,0,0,0,0,0,0,0,0,0,,,,,0,0,0,0,0,0,/*1,,cleavga01
168,Mike Clevinger,31,SDP,NL,2,0,0,0,0,0,0,0,0,0,0,0,0,,,,,0,0,0,0,0,0,/1,,clevimi01
169,Gerrit Cole,31,NYY,AL,3,0,0,0,0,0,0,0,0,0,0,0,0,,,,,0,0,0,0,0,0,/1,,colege01
170,Nestor Cortes,27,NYY,AL,3,0,0,0,0,0,0,0,0,0,0,0,0,,,,,0,0,0,0,0,0,/1,,cortene01
171,Yu Darvish,35,SDP,NL,4,0,0,0,0,0,0,0,0,0,0,0,0,,,,,0,0,0,0,0,0,/1,,darviyu01
172,Enyel De Los Santos,26,CLE,AL,3,0,0,0,0,0,0,0,0,0,0,0,0,,,,,0,0,0,0,0,0,/1,,delosen01
173,Jacob deGrom*,34,NYM,NL,1,0,0,0,0,0,0,0,0,0,0,0,0,,,,,0,0,0,0,0,0,/1,,degroja01
174,Ben DeLuzio,27,STL,NL,2,0,0,0,0,0,0,0,0,0,0,0,0,,,,,0,,0,0,,,/8DH,,deluzbe01
175,Edwin Díaz,28,NYM,NL,2,0,0,0,0,0,0,0,0,0,0,0,0,,,,,0,0,0,0,0,0,/1,,diazed04
176,Seranthony Domínguez,27,PHI,NLWS,9,0,0,0,0,0,0,0,0,0,0,0,0,,,,,0,0,0,0,0,0,/1,,dominse01
177,Mauricio Dubón,27,HOU,ALWS,6,0,0,0,0,0,0,0,0,0,0,0,0,,,,,0,,0,0,,,/8,,dubonma01
178,Zach Eflin,28,PHI,NLWS,10,0,0,0,0,0,0,0,0,0,0,0,0,,,,,0,0,0,0,0,0,1,,eflinza01
179,Pete Fairbanks,28,TBR,AL,1,0,0,0,0,0,0,0,0,0,0,0,0,,,,,0,0,0,0,0,0,/1,,fairbpe01
180,Bailey Falter,25,PHI,NL,1,0,0,0,0,0,0,0,0,0,0,0,0,,,,,0,0,0,0,0,0,/1,,falteba01
181,Matt Festa,29,SEA,AL,2,0,0,0,0,0,0,0,0,0,0,0,0,,,,,0,0,0,0,0,0,/1,,festama01
182,Max Fried*,28,ATL,NL,1,0,0,0,0,0,0,0,0,0,0,0,0,,,,,0,0,0,0,0,0,/1,,friedma01
183,Giovanny Gallegos,30,STL,NL,2,0,0,0,0,0,0,0,0,0,0,0,0,,,,,0,0,0,0,0,0,/*1,,gallegi01
184,Joey Gallo*,28,LAD,NL,1,0,0,0,0,0,0,0,0,0,0,0,0,,,,,0,,0,0,,,/7,,gallojo01
185,Luis García,35,SDP,NL,4,0,0,0,0,0,0,0,0,0,0,0,0,,,,,0,0,0,0,0,0,/1,,garcilu03
186,Luis Garcia,25,HOU,ALWS,2,0,0,0,0,0,0,0,0,0,0,0,0,,,,,0,0,0,0,0,0,/1,,garcilu05
187,Yimi García,31,TOR,AL,2,0,0,0,0,0,0,0,0,0,0,0,0,,,,,0,0,0,0,0,0,/*1,,garciyi01
188,Kevin Gausman*,31,TOR,AL,1,0,0,0,0,0,0,0,0,0,0,0,0,,,,,0,0,0,0,0,0,/1,,gausmke01
189,Domingo Germán,29,NYY,AL,1,0,0,0,0,0,0,0,0,0,0,0,0,,,,,0,0,0,0,0,0,/1,,germado01
190,Kyle Gibson,34,PHI,NLWS,2,0,0,0,0,0,0,0,0,0,0,0,0,,,,,0,0,0,0,0,0,/1,,gibsoky01
191,Logan Gilbert,25,SEA,AL,1,0,0,0,0,0,0,0,0,0,0,0,0,,,,,0,0,0,0,0,0,/1,,gilbelo01
192,Mychal Givens,32,NYM,NL,2,0,0,0,0,0,0,0,0,0,0,0,0,,,,,0,0,0,0,0,0,/1,,givenmy01
193,Tyler Glasnow*,28,TBR,AL,1,0,0,0,0,0,0,0,0,0,0,0,0,,,,,0,0,0,0,0,0,/1,,glasnty01
194,Tony Gonsolin,28,LAD,NL,1,0,0,0,0,0,0,0,0,0,0,0,0,,,,,0,0,0,0,0,0,/1,,gonsoto01
195,Terrance Gore,31,NYM,NL,1,0,0,0,0,0,0,0,0,0,0,0,0,,,,,0,,0,0,,,/DH,,gorete01
196,Brusdar Graterol,23,LAD,NL,2,0,0,0,0,0,0,0,0,0,0,0,0,,,,,0,0,0,0,0,0,/1,,gratebr01
197,Dalton Guthrie,26,PHI,NL,1,0,0,0,0,0,0,0,0,0,0,0,0,,,,,0,,0,0,,,/9H,,guthrda01
198,Josh Hader*,28,SDP,NL,5,0,0,0,0,0,0,0,0,0,0,0,0,,,,,0,0,0,0,0,0,/1,,haderjo01
199,Brad Hand*,32,PHI,NLWS,7,0,0,0,0,0,0,0,0,0,0,0,0,,,,,0,0,0,0,0,0,/1,,handbr01
200,Andrew Heaney*,31,LAD,NL,1,0,0,0,0,0,0,0,0,0,0,0,0,,,,,0,0,0,0,0,0,/1,,heanean01
201,Ryan Helsley,27,STL,NL,1,0,0,0,0,0,0,0,0,0,0,0,0,,,,,0,0,0,0,0,0,/1,,helslry01
202,Sam Hentges*,25,CLE,AL,3,0,0,0,0,0,0,0,0,0,0,0,0,,,,,0,0,0,0,0,0,/1,,hentgsa01
203,Jordan Hicks,25,STL,NL,2,0,0,0,0,0,0,0,0,0,0,0,0,,,,,0,0,0,0,0,0,/*1,,hicksjo03
204,Tim Hill,32,SDP,NL,3,0,0,0,0,0,0,0,0,0,0,0,0,,,,,0,0,0,0,0,0,/1,,hillti01
205,Clay Holmes,29,NYY,AL,5,0,0,0,0,0,0,0,0,0,0,0,0,,,,,0,0,0,0,0,0,/1,,holmecl01
206,Raisel Iglesias,32,ATL,NL,2,0,0,0,0,0,0,0,0,0,0,0,0,,,,,0,0,0,0,0,0,/1,,iglesra01
207,Kenley Jansen#,34,ATL,NL,2,0,0,0,0,0,0,0,0,0,0,0,0,,,,,0,0,0,0,0,0,/1,,janseke01
208,Cristian Javier,25,HOU,ALWS,3,0,0,0,0,0,0,0,0,0,0,0,0,,,,,0,0,0,0,0,0,/1,,javiecr01
209,Pierce Johnson,31,SDP,NL,3,0,0,0,0,0,0,0,0,0,0,0,0,,,,,0,0,0,0,0,0,/1,,johnspi01
210,Tommy Kahnle,32,LAD,NL,3,0,0,0,0,0,0,0,0,0,0,0,0,,,,,0,,0,0,,,/*1,,kahnlto01
211,James Karinchak,26,CLE,AL,4,0,0,0,0,0,0,0,0,0,0,0,0,,,,,0,0,0,0,0,0,/1,,karinja01
212,Clayton Kershaw*,34,LAD,NL,1,0,0,0,0,0,0,0,0,0,0,0,0,,,,,0,0,0,0,0,0,/1,,kershcl01
213,George Kirby,24,SEA,AL,2,0,0,0,0,0,0,0,0,0,0,0,0,,,,,0,0,0,0,0,0,/1,,kirbyge01
214,Corey Kluber,36,TBR,AL,1,0,0,0,0,0,0,0,0,0,0,0,0,,,,,0,0,0,0,0,0,/1,,klubeco01
215,Dylan Lee*,27,ATL,NL,3,0,0,0,0,0,0,0,0,0,0,0,0,,,,,0,0,0,0,0,0,/*1,,leedy01
216,Jonathan Loáisiga,27,NYY,AL,6,0,0,0,0,0,0,0,0,0,0,0,0,,,,,0,0,0,0,0,0,/1,,loaisjo01
217,Seth Lugo,32,NYM,NL,3,0,0,0,0,0,0,0,0,0,0,0,0,,,,,0,0,0,0,0,0,/*1,,lugose01
218,Sean Manaea,30,SDP,NL,1,0,0,0,0,0,0,0,0,0,0,0,0,,,,,0,0,0,0,0,0,/1,,manaese01
219,Alek Manoah,24,TOR,AL,1,0,0,0,0,0,0,0,0,0,0,0,0,,,,,0,0,0,0,0,0,/1,,manoaal01
220,Chris Martin,36,LAD,NL,2,0,0,0,0,0,0,0,0,0,0,0,0,,,,,0,0,0,0,0,0,/1,,martich02
221,Nick Martinez*,31,SDP,NL,7,0,0,0,0,0,0,0,0,0,0,0,0,,,,,0,0,0,0,0,0,/1,,martini01
222,Trevor May,32,NYM,NL,2,0,0,0,0,0,0,0,0,0,0,0,0,,,,,0,0,0,0,0,0,/1,,maytr01
223,Tim Mayza*,30,TOR,AL,2,0,0,0,0,0,0,0,0,0,0,0,0,,,,,0,0,0,0,0,0,/*1,,mayzati01
224,James McCann,32,NYM,NL,1,0,0,0,0,0,0,0,0,0,0,0,0,,,,,0,,0,0,,,/2,,mccanja02
225,Shane McClanahan*,25,TBR,AL,1,0,0,0,0,0,0,0,0,0,0,0,0,,,,,0,0,0,0,0,0,/1,,mcclash01
226,Lance McCullers Jr.*,28,HOU,ALWS,3,0,0,0,0,0,0,0,0,0,0,0,0,,,,,0,0,0,0,0,0,/1,,mcculla02
227,Collin McHugh,35,ATL,NL,2,0,0,0,0,0,0,0,0,0,0,0,0,,,,,0,0,0,0,0,0,/1,,mchugco01
228,Triston McKenzie,24,CLE,AL,2,0,0,0,0,0,0,0,0,0,0,0,0,,,,,0,0,0,0,0,0,/1,,mckentr01
229,Miles Mikolas,33,STL,NL,1,0,0,0,0,0,0,0,0,0,0,0,0,,,,,0,0,0,0,0,0,/1,,mikolmi01
230,A.J. Minter*,28,ATL,NL,2,0,0,0,0,0,0,0,0,0,0,0,0,,,,,0,0,0,0,0,0,/1,,minteaj01
231,Frankie Montas,29,NYY,AL,1,0,0,0,0,0,0,0,0,0,0,0,0,,,,,0,0,0,0,0,0,/1,,montafr02
232,Rafael Montero,31,HOU,ALWS,10,0,0,0,0,0,0,0,0,0,0,0,0,,,,,0,0,0,0,0,0,*1,,montera01
233,Jordan Montgomery*,29,STL,NL,1,0,0,0,0,0,0,0,0,0,0,0,0,,,,,0,0,0,0,0,0,/1,,montgjo01
234,Adrián Morejón*,23,SDP,NL,2,0,0,0,0,0,0,0,0,0,0,0,0,,,,,0,0,0,0,0,0,/1,,morejad01
235,Eli Morgan,26,CLE,AL,3,0,0,0,0,0,0,0,0,0,0,0,0,,,,,0,0,0,0,0,0,/1,,morgael01
236,Cody Morris,25,CLE,AL,1,0,0,0,0,0,0,0,0,0,0,0,0,,,,,0,0,0,0,0,0,/1,,morrico01
237,Charlie Morton,38,ATL,NL,1,0,0,0,0,0,0,0,0,0,0,0,0,,,,,0,0,0,0,0,0,/1,,mortoch02
238,Andrés Muñoz,23,SEA,AL,5,0,0,0,0,0,0,0,0,0,0,0,0,,,,,0,0,0,0,0,0,/*1,,munozan01
239,Penn Murfee,28,SEA,AL,2,0,0,0,0,0,0,0,0,0,0,0,0,,,,,0,0,0,0,0,0,/1,,murfepe01
240,Joe Musgrove,29,SDP,NL,3,0,0,0,0,0,0,0,0,0,0,0,0,,,,,0,0,0,0,0,0,/1,,musgrjo01
241,Nick Nelson,26,PHI,WS,1,0,0,0,0,0,0,0,0,0,0,0,0,,,,,0,0,0,0,0,0,/1,,nelsoni01
242,Hector Neris,33,HOU,ALWS,8,0,0,0,0,0,0,0,0,0,0,0,0,,,,,0,0,0,0,0,0,/1,,nerishe01
243,Aaron Nola,29,PHI,NLWS,5,0,0,0,0,0,0,0,0,0,0,0,0,,,,,0,0,0,0,0,0,/1,,nolaaa01
244,Jake Odorizzi,32,ATL,NL,1,0,0,0,0,0,0,0,0,0,0,0,0,,,,,0,0,0,0,0,0,/1,,odorija01
245,Adam Ottavino#,36,NYM,NL,1,0,0,0,0,0,0,0,0,0,0,0,0,,,,,0,0,0,0,0,0,/1,,ottavad01
246,Andre Pallante,23,STL,NL,1,0,0,0,0,0,0,0,0,0,0,0,0,,,,,0,0,0,0,0,0,/1,,pallaan01
247,Wandy Peralta*,30,NYY,AL,7,0,0,0,0,0,0,0,0,0,0,0,0,,,,,0,0,0,0,0,0,/*1,,peralwa01
248,David Peterson*,26,NYM,NL,2,0,0,0,0,0,0,0,0,0,0,0,0,,,,,0,0,0,0,0,0,/1,,peterda01
249,Evan Phillips,27,LAD,NL,3,0,0,0,0,0,0,0,0,0,0,0,0,,,,,0,,0,0,,,/*1,,phillev01
250,Zach Plesac,27,CLE,AL,1,0,0,0,0,0,0,0,0,0,0,0,0,,,,,0,0,0,0,0,0,/1,,plesaza01
251,Zach Pop,25,TOR,AL,1,0,0,0,0,0,0,0,0,0,0,0,0,,,,,0,0,0,0,0,0,/1,,popza01
252,Ryan Pressly,33,HOU,ALWS,10,0,0,0,0,0,0,0,0,0,0,0,0,,,,,0,0,0,0,0,0,*1,,pressry01
253,Cal Quantrill*,27,CLE,AL,2,0,0,0,0,0,0,0,0,0,0,0,0,,,,,0,0,0,0,0,0,/1,,quantca01
254,Jose Quintana,33,STL,NL,1,0,0,0,0,0,0,0,0,0,0,0,0,,,,,0,0,0,0,0,0,/1,,quintjo01
255,Brooks Raley*,34,TBR,AL,1,0,0,0,0,0,0,0,0,0,0,0,0,,,,,0,0,0,0,0,0,/1,,raleybr01
256,Drew Rasmussen,26,TBR,AL,1,0,0,0,0,0,0,0,0,0,0,0,0,,,,,0,0,0,0,0,0,/1,,rasmudr01
257,Robbie Ray*,30,SEA,AL,3,0,0,0,0,0,0,0,0,0,0,0,0,,,,,0,0,0,0,0,0,/1,,rayro02
258,Trevor Richards,29,TOR,AL,1,0,0,0,0,0,0,0,0,0,0,0,0,,,,,0,0,0,0,0,0,/1,,richatr01
259,David Robertson,37,PHI,NLWS,8,0,0,0,0,0,0,0,0,0,0,0,0,,,,,0,0,0,0,0,0,/1,,roberda08
260,Jordan Romano,29,TOR,AL,1,0,0,0,0,0,0,0,0,0,0,0,0,,,,,0,0,0,0,0,0,/1,,romanjo03
261,Nick Sandlin,25,CLE,AL,1,0,0,0,0,0,0,0,0,0,0,0,0,,,,,0,0,0,0,0,0,/1,,sandlni01
262,Max Scherzer,37,NYM,NL,1,0,0,0,0,0,0,0,0,0,0,0,0,,,,,0,0,0,0,0,0,/1,,scherma01
263,Clarke Schmidt,26,NYY,AL,3,0,0,0,0,0,0,0,0,0,0,0,0,,,,,0,0,0,0,0,0,/1,,schmicl01
264,Luis Severino,28,NYY,AL,2,0,0,0,0,0,0,0,0,0,0,0,0,,,,,0,0,0,0,0,0,/1,,severlu01
265,Paul Sewald,32,SEA,AL,3,0,0,0,0,0,0,0,0,0,0,0,0,,,,,0,0,0,0,0,0,/1,,sewalpa01
266,Drew Smith,28,NYM,NL,1,0,0,0,0,0,0,0,0,0,0,0,0,,,,,0,0,0,0,0,0,/1,,smithdr01
267,Blake Snell*,29,SDP,NL,3,0,0,0,0,0,0,0,0,0,0,0,0,,,,,0,0,0,0,0,0,/1,,snellbl01
268,Ryne Stanek,30,HOU,ALWS,4,0,0,0,0,0,0,0,0,0,0,0,0,,,,,0,0,0,0,0,0,/1,,stanery01
269,Trevor Stephan,26,CLE,AL,4,0,0,0,0,0,0,0,0,0,0,0,0,,,,,0,0,0,0,0,0,/1,,stephtr01
270,Jackson Stephens,28,ATL,NL,1,0,0,0,0,0,0,0,0,0,0,0,0,,,,,0,0,0,0,0,0,/1,,stephja01
271,Spencer Strider,23,ATL,NL,1,0,0,0,0,0,0,0,0,0,0,0,0,,,,,0,0,0,0,0,0,/1,,stridsp01
272,Ranger Suarez*,26,PHI,NLWS,5,0,0,0,0,0,0,0,0,0,0,0,0,,,,,0,0,0,0,0,0,/1,,suarera01
273,Robert Suarez,31,SDP,NL,7,0,0,0,0,0,0,0,0,0,0,0,0,,,,,0,0,0,0,0,0,/1,,suarero01
274,Erik Swanson,28,SEA,AL,1,0,0,0,0,0,0,0,0,0,0,0,0,,,,,0,0,0,0,0,0,/1,,swanser01
275,Noah Syndergaard*,29,PHI,NLWS,4,0,0,0,0,0,0,0,0,0,0,0,0,,,,,0,0,0,0,0,0,/1,,syndeno01
276,Jameson Taillon,30,NYY,AL,2,0,0,0,0,0,0,0,0,0,0,0,0,,,,,0,0,0,0,0,0,/1,,taillja01
277,Taylor Trammell*,24,SEA,AL,3,0,0,0,0,0,0,0,0,0,0,0,0,,,,,0,,0,0,,,/DH,,trammta01
278,Blake Treinen,34,LAD,NL,1,0,0,0,0,0,0,0,0,0,0,0,0,,,,,0,0,0,0,0,0,/1,,treinbl01
279,Lou Trivino,30,NYY,AL,4,0,0,0,0,0,0,0,0,0,0,0,0,,,,,0,0,0,0,0,0,/1,,trivilo01
280,Julio Urías*,25,LAD,NL,1,0,0,0,0,0,0,0,0,0,0,0,0,,,,,0,0,0,0,0,0,/1,,uriasju01
281,José Urquidy,27,HOU,WS,1,0,0,0,0,0,0,0,0,0,0,0,0,,,,,0,0,0,0,0,0,/1,,urquijo01
282,Framber Valdez,28,HOU,ALWS,4,0,0,0,0,0,0,0,0,0,0,0,0,,,,,0,0,0,0,0,0,/1,,valdefr01
283,Justin Verlander,39,HOU,ALWS,4,0,0,0,0,0,0,0,0,0,0,0,0,,,,,0,0,0,0,0,0,/1,,verlaju01
284,Alex Vesia*,26,LAD,NL,3,0,0,0,0,0,0,0,0,0,0,0,0,,,,,0,0,0,0,0,0,/*1,,vesiaal01
285,Zack Wheeler*,32,PHI,NLWS,6,0,0,0,0,0,0,0,0,0,0,0,0,,,,,0,0,0,0,0,0,/1,,wheelza01
286,Steven Wilson,27,SDP,NL,4,0,0,0,0,0,0,0,0,0,0,0,0,,,,,0,0,0,0,0,0,/1,,wilsost02
287,Kyle Wright,26,ATL,NL,1,0,0,0,0,0,0,0,0,0,0,0,0,,,,,0,0,0,0,0,0,/1,,wrighky01
,MLB Average,,,,,,,,,,,,,,,,,.211,.282,.358,.641,,,,,,,,,-9999