Rk,Player,Age,Team,Lg,G,PA,AB,R,H,2B,3B,HR,RBI,SB,CS,BB,SO,BA,OBP,SLG,OPS,TB,GIDP,HBP,SH,SF,IBB,Pos,Awards,Player-additional
1,George Springer,29,HOU,ALWS,18,85,73,11,15,4,0,4,8,3,0,12,20,.205,.318,.425,.742,31,1,0,0,0,0,*89,,springe01
2,Jose Altuve,29,HOU,ALWS,18,82,76,14,25,6,0,5,9,2,1,5,7,.329,.366,.605,.971,46,4,0,0,1,0,*4,ALCS MVP,altuvjo01
3,Michael Brantley*,32,HOU,ALWS,18,79,70,7,20,0,0,1,4,1,0,9,12,.286,.367,.329,.696,23,1,0,0,0,2,*7/9,,brantmi02
4,Trea Turner,26,WSN,NLWS,17,79,73,10,17,4,0,1,3,1,0,6,15,.233,.291,.329,.620,24,0,0,0,0,1,*6,,turnetr01
5,Alex Bregman,25,HOU,ALWS,18,77,64,13,15,3,0,4,12,1,0,12,13,.234,.364,.469,.832,30,1,1,0,0,1,*5,,bregmal01
6,Yuli Gurriel,35,HOU,ALWS,18,77,72,5,18,3,0,2,13,1,0,4,5,.250,.286,.375,.661,27,0,0,0,1,0,*3,,gourryu01
7,Adam Eaton*,30,WSN,NLWS,17,75,61,11,15,2,1,2,10,1,0,10,9,.246,.361,.410,.771,25,1,1,3,0,0,*9,,eatonad02
8,Anthony Rendon,29,WSN,NLWS,17,75,61,11,20,7,0,3,15,0,0,11,10,.328,.413,.590,1.003,36,0,0,0,3,2,*5,,rendoan01
9,Juan Soto*,20,WSN,NLWS,17,75,65,12,18,3,0,5,14,1,0,9,21,.277,.373,.554,.927,36,0,1,0,0,2,*7,,sotoju01
10,Carlos Correa,24,HOU,ALWS,18,74,68,5,13,4,0,3,9,1,0,6,27,.191,.257,.382,.639,26,1,0,0,0,0,*6,,correca01
11,Howie Kendrick,35,WSN,NLWS,17,67,63,8,18,4,0,2,12,0,0,4,11,.286,.328,.444,.773,28,3,0,0,0,2,/43DH,NLCS MVP,kendrho01
12,Yordan Alvarez*,22,HOU,ALWS,18,65,58,5,14,3,0,1,3,0,0,7,21,.241,.323,.345,.668,20,0,0,0,0,1,*D/H7,,alvaryo01
13,Ryan Zimmerman,34,WSN,NLWS,16,60,55,5,14,3,0,2,7,0,0,5,17,.255,.317,.418,.735,23,1,0,0,0,0,*3/H,,zimmery01
14,Robinson Chirinos,35,HOU,ALWS,14,45,41,4,6,1,0,3,4,0,0,3,17,.146,.222,.390,.612,16,2,1,0,0,0,*2,,chiriro01
15,Víctor Robles,22,WSN,NLWS,12,45,41,8,9,1,1,1,3,1,0,2,15,.220,.273,.366,.639,15,2,1,1,0,0,*8,,roblevi01
16,DJ LeMahieu,30,NYY,AL,9,44,40,10,13,3,0,3,7,0,0,4,6,.325,.386,.625,1.011,25,0,0,0,0,0,/*3,,lemahdj01
17,Aaron Judge,27,NYY,AL,9,42,34,6,9,0,0,1,2,2,0,7,11,.265,.390,.353,.743,12,0,0,0,0,0,*/9,,judgeaa01
18,Gleyber Torres,22,NYY,AL,9,40,37,8,12,5,0,3,10,2,0,3,6,.324,.375,.703,1.078,26,2,0,0,0,0,/*4,,torregl01
19,Paul Goldschmidt,31,STL,NL,9,39,37,5,10,4,0,2,2,0,0,2,11,.270,.308,.541,.848,20,0,0,0,0,1,/*3,,goldspa01
20,Marcell Ozuna,28,STL,NL,9,39,37,6,12,4,0,2,5,0,0,1,13,.324,.359,.595,.954,22,1,1,0,0,0,*/7,,ozunama01
21,Kolten Wong*,28,STL,NL,9,39,34,4,7,3,0,0,4,2,0,4,6,.206,.289,.294,.584,10,1,0,1,0,1,/*4,,wongko01
22,Brett Gardner*,35,NYY,AL,9,38,34,4,6,0,0,1,4,0,0,3,15,.176,.263,.265,.528,9,0,1,0,0,0,*/78,,gardnbr01
23,Josh Reddick*,32,HOU,ALWS,14,38,36,3,6,0,0,1,2,0,0,2,9,.167,.211,.250,.461,9,1,0,0,0,0,*9/7H,,reddijo01
24,Dexter Fowler#,33,STL,NL,9,37,33,4,2,1,0,0,3,0,0,4,10,.061,.162,.091,.253,3,0,0,0,0,0,*/89H,,fowlede01
25,Yadier Molina,36,STL,NL,9,37,33,2,5,0,0,1,3,0,0,1,3,.152,.216,.242,.459,8,2,2,0,1,1,/*2,,molinya01
26,Tommy Edman#,24,STL,NL,9,36,33,3,6,3,1,0,3,0,0,3,7,.182,.250,.333,.583,11,1,0,0,0,0,*/598,,edmanto01
27,Edwin Encarnación,36,NYY,AL,8,36,31,2,5,3,0,0,2,0,0,5,13,.161,.278,.258,.536,8,0,0,0,0,0,/*D,,encared01
28,Gary Sánchez,26,NYY,AL,9,36,31,2,4,0,0,1,3,0,0,4,16,.129,.250,.226,.476,7,1,1,0,0,0,/*2,,sanchga02
29,Didi Gregorius*,29,NYY,AL,9,35,33,4,9,1,0,1,6,0,0,2,6,.273,.314,.394,.708,13,0,0,0,0,0,/*6,,gregodi01
30,Kurt Suzuki,35,WSN,NLWS,10,35,30,2,3,0,0,1,1,0,0,4,11,.100,.229,.200,.429,6,3,1,0,0,0,2,,suzukku01
31,Gio Urshela,27,NYY,AL,9,35,33,4,8,1,0,2,2,0,0,2,4,.242,.286,.455,.740,15,1,0,0,0,0,/*5,,urshegi01
32,Asdrúbal Cabrera#,33,WSN,NLWS,12,33,30,1,7,1,0,0,5,0,0,1,10,.233,.250,.267,.517,8,0,0,1,1,0,/*4H,,cabreas01
33,Paul DeJong,25,STL,NL,9,33,30,3,7,1,0,0,2,0,0,3,14,.233,.303,.267,.570,8,0,0,0,0,2,/*6,,dejonpa01
34,Yan Gomes,31,WSN,NLWS,11,31,29,3,7,2,0,0,3,0,0,2,9,.241,.290,.310,.601,9,0,0,0,0,1,*2/H,,gomesya01
35,Austin Meadows*,24,TBR,AL,6,26,23,2,3,2,0,0,3,0,0,3,10,.130,.231,.217,.448,5,1,0,0,0,0,*/79,,meadoau01
36,Tommy Pham,31,TBR,AL,6,26,25,2,9,0,0,2,3,1,0,1,4,.360,.385,.600,.985,15,2,0,0,0,0,/*D7,,phamth01
37,Justin Turner,34,LAD,NL,5,24,21,3,6,2,0,2,5,1,0,1,2,.286,.333,.667,1.000,14,0,1,0,1,0,/*5,,turneju01
38,Ronald Acuña Jr.,21,ATL,NL,5,23,18,1,8,3,1,1,2,0,1,4,5,.444,.565,.889,1.454,16,0,1,0,0,0,*/8,,acunaro01
39,Ozzie Albies#,22,ATL,NL,5,23,20,3,5,0,0,1,3,0,0,2,3,.250,.304,.400,.704,8,0,0,0,1,0,/*4,,albieoz01
40,Jiman Choi*,28,TBR,AL,6,23,16,2,3,0,0,1,1,0,0,7,10,.188,.435,.375,.810,6,0,0,0,0,0,/*3H,,choiji01
41,Travis d'Arnaud,30,TBR,AL,6,23,19,1,2,0,0,0,2,0,0,1,6,.105,.217,.105,.323,2,0,2,0,1,0,/*2,,darnatr01
42,Max Muncy*,28,LAD,NL,5,23,19,4,5,0,0,3,7,1,0,4,2,.263,.391,.737,1.128,14,0,0,0,0,2,/*34,,muncyma01
43,Michael A. Taylor,28,WSN,NLWS,8,23,21,4,7,0,0,2,2,0,0,1,7,.333,.391,.619,1.010,13,0,1,0,0,0,/89H,,taylomi02
44,Josh Donaldson,33,ATL,NL,5,22,19,2,3,1,0,1,3,0,0,2,4,.158,.273,.368,.641,7,0,1,0,0,1,/*5,,donaljo02
45,Freddie Freeman*,29,ATL,NL,5,22,20,1,4,1,0,1,1,0,0,1,6,.200,.273,.400,.673,8,1,1,0,0,0,/*3,,freemfr01
46,Kevin Kiermaier*,29,TBR,AL,6,22,22,1,3,1,0,1,3,0,0,0,7,.136,.136,.318,.455,7,0,0,0,0,0,*/8,,kiermke01
47,Nick Markakis*,35,ATL,NL,5,22,21,1,3,1,0,0,0,0,1,1,4,.143,.182,.190,.372,4,1,0,0,0,0,*/97,,markani01
48,Cody Bellinger*,23,LAD,NL,5,21,19,2,4,1,0,0,0,3,0,2,7,.211,.286,.263,.549,5,0,0,0,0,0,*/83,,bellico01
49,Martín Maldonado,32,HOU,ALWS,7,21,20,2,6,1,0,1,2,0,0,1,6,.300,.333,.500,.833,10,0,0,0,0,0,/2,,maldoma01
50,Corey Seager*,25,LAD,NL,5,21,20,0,3,1,0,0,0,0,0,1,8,.150,.190,.200,.390,4,1,0,0,0,0,/*6,,seageco01
51,Willy Adames,23,TBR,AL,6,20,17,3,5,1,0,2,2,0,1,3,5,.294,.400,.706,1.106,12,0,0,0,0,0,/*6,,adamewi01
52,Avisaíl García,28,TBR,AL,5,20,20,4,6,0,0,1,3,0,0,0,5,.300,.300,.450,.750,9,1,0,0,0,0,*/9,,garciav01
53,Brandon Lowe*,24,TBR,AL,5,20,19,1,4,1,0,1,1,0,0,1,10,.211,.250,.421,.671,8,0,0,0,0,0,/*4H,,lowebr01
54,Dansby Swanson,25,ATL,NL,5,19,18,3,7,3,0,0,2,0,0,1,6,.389,.421,.556,.977,10,0,0,0,0,0,/*6,,swansda01
55,Giancarlo Stanton,29,NYY,AL,5,18,13,1,3,0,0,1,2,0,0,4,5,.231,.389,.462,.850,6,1,0,0,1,0,/7D,,stantmi03
56,Matt Carpenter*,33,STL,NL,8,17,13,1,1,0,0,0,3,0,0,3,6,.077,.235,.077,.312,1,0,0,0,1,0,/*5H,,carpema01
57,Aaron Hicks#,29,NYY,AL,5,17,13,1,2,0,0,1,3,1,0,4,5,.154,.353,.385,.738,5,0,0,0,0,0,*/8H,,hicksaa01
58,Brian McCann*,35,ATL,NL,5,17,16,1,3,1,0,0,0,0,0,1,2,.188,.235,.250,.485,4,0,0,0,0,1,/*2,,mccanbr01
59,Joc Pederson*,27,LAD,NL,5,17,15,3,4,2,0,1,1,0,0,2,5,.267,.353,.600,.953,9,0,0,0,0,0,*/9H,,pederjo01
60,Will Smith,24,LAD,NL,4,16,13,0,1,0,0,0,0,0,0,3,5,.077,.250,.077,.327,1,0,0,0,0,1,/*2,,smithwi05
61,Kyle Tucker*,22,HOU,ALWS,9,15,12,2,2,0,0,0,0,1,0,3,7,.167,.333,.167,.500,2,0,0,0,0,0,/H9,,tuckeky01
62,Nelson Cruz,38,MIN,AL,3,14,10,2,2,0,0,1,1,0,0,4,3,.200,.429,.500,.929,5,1,0,0,0,0,/*D,,cruzne02
63,Jorge Polanco#,25,MIN,AL,3,14,11,1,3,0,0,1,2,1,0,2,1,.273,.429,.545,.974,6,0,1,0,0,0,/*6,,polanjo01
64,AJ Pollock,31,LAD,NL,5,14,13,1,0,0,0,0,0,0,0,1,11,.000,.071,.000,.071,0,0,0,0,0,0,/7H,,polloaj01
65,Harrison Bader,25,STL,NL,6,13,12,2,2,0,0,0,1,1,1,1,6,.167,.231,.167,.397,2,0,0,0,0,0,/8H,,baderha01
66,Yandy Díaz,27,TBR,AL,4,13,13,2,3,0,0,2,2,0,0,0,4,.231,.231,.692,.923,9,0,0,0,0,0,/53D,,diazya01
67,Mitch Garver,28,MIN,AL,3,13,12,1,2,0,0,0,1,0,0,1,5,.167,.231,.167,.397,2,0,0,0,0,0,/*2,,garvemi01
68,Max Kepler*,26,MIN,AL,3,13,10,0,0,0,0,0,0,0,0,3,3,.000,.231,.000,.231,0,0,0,0,0,0,*/8,,keplema01
69,José Martínez,30,STL,NL,7,13,13,1,7,2,0,0,3,0,0,0,3,.538,.538,.692,1.231,9,0,0,0,0,0,/H9,,martijo08
70,Eddie Rosario*,27,MIN,AL,3,13,13,1,4,1,0,1,1,0,0,0,4,.308,.308,.615,.923,8,1,0,0,0,0,*/9,,rosared01
71,Adam Duvall,30,ATL,NL,5,12,11,2,3,0,0,1,5,0,0,1,5,.273,.333,.545,.879,6,0,0,0,0,1,*/7H,,duvalad01
72,Jake Marisnick,28,HOU,ALWS,14,12,11,0,4,0,0,0,0,1,0,1,5,.364,.417,.364,.780,4,0,0,0,0,0,*8/H,,marisja01
73,Miguel Sanó,26,MIN,AL,3,12,12,1,1,0,0,1,1,0,0,0,8,.083,.083,.333,.417,4,0,0,0,0,0,/*53,,sanomi01
74,Luis Arraez*,22,MIN,AL,3,11,11,1,5,4,0,0,1,0,0,0,2,.455,.455,.818,1.273,9,1,0,0,0,0,/*45,,arraelu01
75,Marwin González#,30,MIN,AL,3,11,11,0,3,1,0,0,0,0,0,0,4,.273,.273,.364,.636,4,0,0,0,0,0,*/73,,gonzama01
76,Matt Joyce*,34,ATL,NL,5,11,10,0,1,0,0,0,0,0,0,1,2,.100,.182,.100,.282,1,0,0,0,0,0,*/9H,,joycema01
77,Chris Taylor,28,LAD,NL,5,11,8,1,1,0,0,0,0,0,0,3,4,.125,.364,.125,.489,1,0,0,0,0,0,/7H89,,tayloch03
78,Aledmys Díaz,28,HOU,ALWS,8,10,9,0,0,0,0,0,0,0,0,1,2,.000,.100,.000,.100,0,0,0,0,0,0,/H7D,,diazal02
79,Gavin Lux*,21,LAD,NL,4,10,9,1,2,0,0,1,1,0,0,1,6,.222,.300,.556,.856,5,0,0,0,0,0,/*4H,,luxga01
80,Joey Wendle*,29,TBR,AL,5,10,10,1,2,1,0,0,1,0,0,0,5,.200,.200,.300,.500,3,1,0,0,0,0,/5H46,,wendljo01
81,Matt Beaty*,26,LAD,NL,4,8,8,1,3,0,0,0,0,0,0,0,1,.375,.375,.375,.750,3,0,0,0,0,0,/H37,,beatyma01
82,David Freese,36,LAD,NL,4,8,8,2,4,1,0,0,0,0,0,0,3,.500,.500,.625,1.125,5,0,0,0,0,0,/H3,,freesda01
83,Kiké Hernández,27,LAD,NL,3,8,7,2,3,1,0,1,3,0,0,1,2,.429,.500,1.000,1.500,7,0,0,0,0,0,/H479,,hernaen02
84,Stephen Strasburg,30,WSN,NLWS,6,8,4,0,0,0,0,0,0,0,0,1,3,.000,.200,.000,.200,0,0,0,3,0,0,/1,WS MVP,strasst01
85,Brian Dozier,32,WSN,NLWS,8,7,6,0,0,0,0,0,0,0,0,1,2,.000,.143,.000,.143,0,0,0,0,0,0,/4H,,doziebr01
86,Jack Flaherty,23,STL,NL,3,7,6,1,0,0,0,0,1,0,0,1,4,.000,.143,.000,.143,0,0,0,0,0,0,/1,,flaheja01
87,Cameron Maybin,32,NYY,AL,5,7,6,2,2,0,0,1,1,2,0,1,4,.333,.429,.833,1.262,5,0,0,0,0,0,/7H,,maybica01
88,Gerardo Parra*,32,WSN,NLWS,7,7,6,1,1,0,0,0,0,0,0,1,2,.167,.286,.167,.452,1,0,0,0,0,0,/H9,,parrage01
89,Aníbal Sánchez,35,WSN,NLWS,3,7,7,0,0,0,0,0,0,0,0,0,5,.000,.000,.000,.000,0,0,0,0,0,0,/1,,sanchan01
90,C.J. Cron,29,MIN,AL,2,6,5,0,1,0,0,0,0,0,0,1,1,.200,.333,.200,.533,1,0,0,0,0,0,/3H,,croncj01
91,Max Scherzer,34,WSN,NLWS,6,6,6,0,0,0,0,0,0,0,0,0,2,.000,.000,.000,.000,0,0,0,0,0,0,/1,,scherma01
92,Randy Arozarena,24,STL,NL,5,5,4,0,0,0,0,0,0,1,0,0,3,.000,.200,.000,.200,0,0,1,0,0,0,/H89,,arozara01
93,Patrick Corbin*,29,WSN,NLWS,8,5,4,0,0,0,0,0,0,0,0,0,3,.000,.000,.000,.000,0,0,0,1,0,0,/1,,corbipa01
94,Matt Duffy,28,TBR,AL,3,5,5,2,3,0,0,0,0,0,0,0,0,.600,.600,.600,1.200,3,0,0,0,0,0,/5H,,duffyma01
95,Russell Martin,36,LAD,NL,1,5,4,2,2,1,0,1,4,0,0,1,2,.500,.600,1.500,2.100,6,0,0,0,0,0,/2,,martiru01
96,Marcus Semien,28,OAK,AL,1,5,5,1,1,0,0,0,0,0,0,0,2,.200,.200,.200,.400,1,0,0,0,0,0,/*6,,semiema01
97,Matt Adams*,30,WSN,NLWS,4,4,3,1,1,0,0,0,0,0,0,1,1,.333,.500,.333,.833,1,0,0,0,0,0,/H,,adamsma01
98,Orlando Arcia,24,MIL,NL,1,4,4,0,1,0,0,0,0,0,0,0,1,.250,.250,.250,.500,1,0,0,0,0,0,/*6,,arciaor01
99,Ryan Braun,35,MIL,NL,1,4,4,0,1,0,0,0,0,0,0,0,0,.250,.250,.250,.500,1,0,0,0,0,0,*/7,,braunry02
100,Walker Buehler,24,LAD,NL,2,4,4,0,0,0,0,0,0,0,0,0,2,.000,.000,.000,.000,0,0,0,0,0,0,/1,,buehlwa01
101,Lorenzo Cain,33,MIL,NL,1,4,4,0,1,0,0,0,0,0,0,0,1,.250,.250,.250,.500,1,0,0,0,0,0,*/8,,cainlo01
102,Mark Canha,30,OAK,AL,1,4,3,0,0,0,0,0,0,0,0,1,2,.000,.250,.000,.250,0,0,0,0,0,0,*/8,,canhama01
103,Jake Cave*,26,MIN,AL,2,4,4,0,1,0,0,0,0,0,0,0,2,.250,.250,.250,.500,1,0,0,0,0,0,/7,,caveja01
104,Matt Chapman,26,OAK,AL,1,4,3,0,1,0,0,0,0,0,0,1,0,.333,.500,.333,.833,1,0,0,0,0,0,/*5,,chapmma01
105,Khris Davis,31,OAK,AL,1,4,4,0,0,0,0,0,0,0,0,0,3,.000,.000,.000,.000,0,0,0,0,0,0,/*D,,daviskh01
106,Yasmani Grandal#,30,MIL,NL,1,4,3,1,1,0,0,1,2,0,0,1,1,.333,.500,1.333,1.833,4,0,0,0,0,0,/*2,,grandya01
107,Trent Grisham*,22,MIL,NL,1,4,3,1,0,0,0,0,0,0,0,1,2,.000,.250,.000,.250,0,0,0,0,0,0,*/9,,grishtr01
108,Robbie Grossman#,29,OAK,AL,1,4,4,0,2,0,0,0,0,0,0,0,1,.500,.500,.500,1.000,2,0,0,0,0,0,*/7,,grossro01
109,Keston Hiura,22,MIL,NL,1,4,4,0,1,1,0,0,0,0,0,0,3,.250,.250,.500,.750,2,0,0,0,0,0,/*4,,hiurake01
110,Ramón Laureano,24,OAK,AL,1,4,3,0,1,0,0,0,1,0,0,0,1,.333,.250,.333,.583,1,0,0,0,1,0,*/9,,laurera01
111,Mike Moustakas*,30,MIL,NL,1,4,4,0,0,0,0,0,0,0,0,0,1,.000,.000,.000,.000,0,0,0,0,0,0,/*5,,moustmi01
112,Matt Olson*,25,OAK,AL,1,4,3,0,1,0,0,0,0,0,0,1,1,.333,.500,.333,.833,1,1,0,0,0,0,/*3,,olsonma02
113,Jurickson Profar#,26,OAK,AL,1,4,4,0,2,0,0,0,0,0,0,0,1,.500,.500,.500,1.000,2,0,0,0,0,0,/*4,,profaju01
114,Eric Sogard*,33,TBR,AL,2,4,4,2,2,0,0,1,2,0,0,0,1,.500,.500,1.250,1.750,5,0,0,0,0,0,/45H,,sogarer01
115,Eric Thames*,32,MIL,NL,1,4,4,1,2,1,0,1,1,0,0,0,1,.500,.500,1.500,2.000,6,1,0,0,0,0,/*3,,thameer01
116,Adam Wainwright,37,STL,NL,3,4,4,0,0,0,0,0,0,0,0,0,3,.000,.000,.000,.000,0,0,0,0,0,0,/1,,wainwad01
117,Mike Brosseau,25,TBR,AL,1,3,2,0,0,0,0,0,0,0,0,1,1,.000,.333,.000,.333,0,0,0,0,0,0,/*345,,brossmi01
118,Francisco Cervelli,33,ATL,NL,2,3,2,0,0,0,0,0,0,0,0,1,1,.000,.333,.000,.333,0,0,0,0,0,0,/H2,,cervefr01
119,Gerrit Cole,28,HOU,ALWS,5,3,3,0,0,0,0,0,0,0,0,0,1,.000,.000,.000,.000,0,0,0,0,0,0,/1,,colege01
120,Adeiny Hechavarría,30,ATL,NL,3,3,3,0,0,0,0,0,0,0,0,0,2,.000,.000,.000,.000,0,0,0,0,0,0,/H5,,hechaad01
121,Miles Mikolas,30,STL,NL,3,3,2,0,1,1,0,0,0,0,0,0,1,.500,.500,1.000,1.500,2,0,0,1,0,0,/1,,mikolmi01
122,Rafael Ortega*,28,ATL,NL,4,3,3,1,0,0,0,0,0,0,0,0,1,.000,.000,.000,.000,0,0,0,0,0,0,/*H,,ortegra01
123,Matt Wieters#,33,STL,NL,3,3,3,0,0,0,0,0,0,0,0,0,1,.000,.000,.000,.000,0,0,0,0,0,0,/H,,wietema01
124,Mike Foltynewicz,27,ATL,NL,2,2,2,0,0,0,0,0,0,0,0,0,1,.000,.000,.000,.000,0,0,0,0,0,0,/1,,foltymi01
125,Zack Greinke,35,HOU,ALWS,5,2,1,0,0,0,0,0,0,0,0,0,1,.000,.000,.000,.000,0,0,0,1,0,0,/1,,greinza01
126,Dakota Hudson,24,STL,NL,2,2,2,0,0,0,0,0,0,0,0,0,2,.000,.000,.000,.000,0,0,0,0,0,0,/1,,hudsoda02
127,Dallas Keuchel*,31,ATL,NL,2,2,2,0,0,0,0,0,0,0,0,0,1,.000,.000,.000,.000,0,0,0,0,0,0,/1,,keuchda01
128,Josh Phegley,31,OAK,AL,1,2,2,0,0,0,0,0,0,0,0,0,1,.000,.000,.000,.000,0,0,0,0,0,0,/*2,,phegljo01
129,Hyun Jin Ryu,32,LAD,NL,1,2,2,0,0,0,0,0,0,0,0,0,2,.000,.000,.000,.000,0,0,0,0,0,0,/1,,ryuhy01
130,Jonathan Schoop,27,MIN,AL,2,2,2,0,0,0,0,0,0,0,0,0,2,.000,.000,.000,.000,0,0,0,0,0,0,/4H,,schoojo01
131,Michael Soroka,21,ATL,NL,1,2,2,0,0,0,0,0,0,0,0,0,2,.000,.000,.000,.000,0,0,0,0,0,0,/1,,sorokmi01
132,José Urquidy,24,HOU,ALWS,4,2,2,0,0,0,0,0,0,0,0,0,1,.000,.000,.000,.000,0,0,0,0,0,0,/1,,urquijo01
133,Seth Brown*,26,OAK,AL,1,1,1,0,0,0,0,0,0,0,0,0,0,.000,.000,.000,.000,0,0,0,0,0,0,/*H,,brownse01
134,Tyler Flowers,33,ATL,NL,2,1,1,0,1,0,0,0,0,0,0,0,0,1.000,1.000,1.000,2.000,1,0,0,0,0,0,/2H,,flowety01
135,Ben Gamel*,27,MIL,NL,1,1,1,0,0,0,0,0,0,0,0,0,0,.000,.000,.000,.000,0,0,0,0,0,0,*/7,,gamelbe01
136,Billy Hamilton,28,ATL,NL,2,1,0,2,0,0,0,0,0,1,0,1,0,,1.000,,,0,0,0,0,0,0,/H,,hamilbi02
137,Rich Hill*,39,LAD,NL,1,1,1,0,0,0,0,0,0,0,0,0,1,.000,.000,.000,.000,0,0,0,0,0,0,/1,,hillri01
138,Clayton Kershaw*,31,LAD,NL,2,1,1,0,0,0,0,0,0,0,0,0,0,.000,.000,.000,.000,0,0,0,0,0,0,/1,,kershcl01
139,Carlos Martínez,27,STL,NL,4,1,1,0,0,0,0,0,0,0,0,0,1,.000,.000,.000,.000,0,0,0,0,0,0,/1,,martica04
140,Yairo Muñoz,24,STL,NL,1,1,1,0,0,0,0,0,0,0,0,0,1,.000,.000,.000,.000,0,0,0,0,0,0,/H,,munozya01
141,Sean Murphy,24,OAK,AL,1,1,1,0,0,0,0,0,0,0,0,0,0,.000,.000,.000,.000,0,1,0,0,0,0,/*2,,murphse01
142,Drew Pomeranz,30,MIL,NL,1,1,1,0,0,0,0,0,0,0,0,0,1,.000,.000,.000,.000,0,0,0,0,0,0,/*1,,pomerdr01
143,Joe Ross,26,WSN,WS,2,1,1,0,0,0,0,0,0,0,0,0,1,.000,.000,.000,.000,0,0,0,0,0,0,/1,,rossjo01
144,Travis Shaw*,29,MIL,NL,1,1,0,0,0,0,0,0,0,0,0,1,0,,1.000,,,0,0,0,0,0,0,/*H,,shawtr01
145,Josh Tomlin,34,ATL,NL,2,1,1,0,0,0,0,0,0,0,0,0,1,.000,.000,.000,.000,0,0,0,0,0,0,/1,,tomlijo01
146,Julio Urías*,22,LAD,NL,3,1,1,0,0,0,0,0,0,0,0,0,1,.000,.000,.000,.000,0,0,0,0,0,0,/1,,uriasju01
147,Brandon Woodruff*,26,MIL,NL,1,1,0,0,0,0,0,0,0,0,0,0,0,,,,,0,0,0,1,0,0,/*1,,woodrbr01
148,Bryan Abreu,22,HOU,AL,1,0,0,0,0,0,0,0,0,0,0,0,0,,,,,0,0,0,0,0,0,/1,,abreubr01
149,Nick Anderson,28,TBR,AL,4,0,0,0,0,0,0,0,0,0,0,0,0,,,,,0,0,0,0,0,0,/1,,anderni01
150,Pedro Báez,31,LAD,NL,2,0,0,0,0,0,0,0,0,0,0,0,0,,,,,0,,0,0,,,/1,,baezpe01
151,José Berríos,25,MIN,AL,1,0,0,0,0,0,0,0,0,0,0,0,0,,,,,0,0,0,0,0,0,/1,,berrijo01
152,John Brebbia*,29,STL,NL,5,0,0,0,0,0,0,0,0,0,0,0,0,,,,,0,,0,0,,,/1,,brebbjo01
153,Zack Britton*,31,NYY,AL,7,0,0,0,0,0,0,0,0,0,0,0,0,,,,,0,0,0,0,0,0,/*1,,brittza01
154,Génesis Cabrera*,22,STL,NL,2,0,0,0,0,0,0,0,0,0,0,0,0,,,,,0,,0,0,,,/1,,cabrege01
155,Diego Castillo,25,TBR,AL,4,0,0,0,0,0,0,0,0,0,0,0,0,,,,,0,0,0,0,0,0,/1,,castidi01
156,Luis Cessa,27,NYY,AL,2,0,0,0,0,0,0,0,0,0,0,0,0,,,,,0,0,0,0,0,0,/1,,cessalu01
157,Aroldis Chapman*,31,NYY,AL,5,0,0,0,0,0,0,0,0,0,0,0,0,,,,,0,0,0,0,0,0,/1,,chapmar01
158,Chris Devenski,28,HOU,WS,3,0,0,0,0,0,0,0,0,0,0,0,0,,,,,0,,0,0,,,/1,,devench02
159,Jake Diekman,32,OAK,AL,1,0,0,0,0,0,0,0,0,0,0,0,0,,,,,0,0,0,0,0,0,/*1,,diekmja01
160,Randy Dobnak,24,MIN,AL,1,0,0,0,0,0,0,0,0,0,0,0,0,,,,,0,0,0,0,0,0,/1,,dobnara01
161,Sean Doolittle*,32,WSN,NLWS,9,0,0,0,0,0,0,0,0,0,0,0,0,,,,,0,,0,0,,,/1,,doolise01
162,Oliver Drake,32,TBR,AL,2,0,0,0,0,0,0,0,0,0,0,0,0,,,,,0,0,0,0,0,0,/1,,drakeol01
163,Tyler Duffey,28,MIN,AL,2,0,0,0,0,0,0,0,0,0,0,0,0,,,,,0,0,0,0,0,0,/1,,duffety01
164,Max Fried*,25,ATL,NL,5,0,0,0,0,0,0,0,0,0,0,0,0,,,,,0,,0,0,,,/*1H,,friedma01
165,Giovanny Gallegos,27,STL,NL,5,0,0,0,0,0,0,0,0,0,0,0,0,,,,,0,,0,0,,,/1,,gallegi01
166,Kyle Gibson,31,MIN,AL,1,0,0,0,0,0,0,0,0,0,0,0,0,,,,,0,0,0,0,0,0,/1,,gibsoky01
167,Tyler Glasnow*,25,TBR,AL,2,0,0,0,0,0,0,0,0,0,0,0,0,,,,,0,0,0,0,0,0,/1,,glasnty01
168,Brusdar Graterol,20,MIN,AL,1,0,0,0,0,0,0,0,0,0,0,0,0,,,,,0,0,0,0,0,0,/1,,gratebr01
169,Chad Green*,28,NYY,AL,6,0,0,0,0,0,0,0,0,0,0,0,0,,,,,0,0,0,0,0,0,/1,,greench03
170,Shane Greene,30,ATL,NL,2,0,0,0,0,0,0,0,0,0,0,0,0,,,,,0,,0,0,,,/1,,greensh02
171,Javy Guerra,33,WSN,WS,2,0,0,0,0,0,0,0,0,0,0,0,0,,,,,0,,0,0,,,/1,,guerrja01
172,Josh Hader*,25,MIL,NL,1,0,0,0,0,0,0,0,0,0,0,0,0,,,,,0,,0,0,,,/*1,,haderjo01
173,J.A. Happ*,36,NYY,AL,3,0,0,0,0,0,0,0,0,0,0,0,0,,,,,0,0,0,0,0,0,/1,,happja01
174,Will Harris,34,HOU,ALWS,12,0,0,0,0,0,0,0,0,0,0,0,0,,,,,0,0,0,0,0,0,1,,harriwi10
175,Ryan Helsley,24,STL,NL,5,0,0,0,0,0,0,0,0,0,0,0,0,,,,,0,,0,0,,,/1,,helslry01
176,Liam Hendriks,30,OAK,AL,1,0,0,0,0,0,0,0,0,0,0,0,0,,,,,0,0,0,0,0,0,/*1,,hendrli01
177,Daniel Hudson,32,WSN,NLWS,9,0,0,0,0,0,0,0,0,0,0,0,0,,,,,0,,0,0,,,/1,,hudsoda01
178,Luke Jackson,27,ATL,NL,3,0,0,0,0,0,0,0,0,0,0,0,0,,,,,0,,0,0,,,/1,,jackslu01
179,Josh James,26,HOU,ALWS,9,0,0,0,0,0,0,0,0,0,0,0,0,,,,,0,0,0,0,0,0,/1,,jamesjo02
180,Kenley Jansen#,31,LAD,NL,2,0,0,0,0,0,0,0,0,0,0,0,0,,,,,0,,0,0,,,/1,,janseke01
181,Tommy Kahnle,29,NYY,AL,8,0,0,0,0,0,0,0,0,0,0,0,0,,,,,0,0,0,0,0,0,/*1,,kahnlto01
182,Joe Kelly,31,LAD,NL,3,0,0,0,0,0,0,0,0,0,0,0,0,,,,,0,,0,0,,,/1,,kellyjo05
183,Adam Kolarek*,30,LAD,NL,3,0,0,0,0,0,0,0,0,0,0,0,0,,,,,0,,0,0,,,/1,,kolarad01
184,Zack Littell,23,MIN,AL,2,0,0,0,0,0,0,0,0,0,0,0,0,,,,,0,0,0,0,0,0,/1,,litteza01
185,Jonathan Loáisiga,24,NYY,AL,4,0,0,0,0,0,0,0,0,0,0,0,0,,,,,0,0,0,0,0,0,/1,,loaisjo01
186,Jesús Luzardo*,21,OAK,AL,1,0,0,0,0,0,0,0,0,0,0,0,0,,,,,0,0,0,0,0,0,/*1,,luzarje01
187,Tyler Lyons*,31,NYY,AL,2,0,0,0,0,0,0,0,0,0,0,0,0,,,,,0,0,0,0,0,0,/1,,lyonsty01
188,Kenta Maeda,31,LAD,NL,4,0,0,0,0,0,0,0,0,0,0,0,0,,,,,0,,0,0,,,/*1,,maedake01
189,Sean Manaea,27,OAK,AL,1,0,0,0,0,0,0,0,0,0,0,0,0,,,,,0,0,0,0,0,0,/*1,,manaese01
190,Chris Martin,33,ATL,NL,1,0,0,0,0,0,0,0,0,0,0,0,0,,,,,0,,0,0,,,/1,,martich02
191,Dustin May,21,LAD,NL,2,0,0,0,0,0,0,0,0,0,0,0,0,,,,,0,,0,0,,,/1,,maydu01
192,Trevor May,29,MIN,AL,2,0,0,0,0,0,0,0,0,0,0,0,0,,,,,0,0,0,0,0,0,/1,,maytr01
193,Brendan McKay*,23,TBR,AL,3,0,0,0,0,0,0,0,0,0,0,0,0,,,,,0,0,0,0,0,0,/1,,mckaybr01
194,Mark Melancon,34,ATL,NL,3,0,0,0,0,0,0,0,0,0,0,0,0,,,,,0,,0,0,,,/1,,melanma01
195,Wade Miley*,32,HOU,AL,1,0,0,0,0,0,0,0,0,0,0,0,0,,,,,0,0,0,0,0,0,/1,,mileywa01
196,Andrew Miller*,34,STL,NL,6,0,0,0,0,0,0,0,0,0,0,0,0,,,,,0,,0,0,,,/1,,millean01
197,Charlie Morton,35,TBR,AL,2,0,0,0,0,0,0,0,0,0,0,0,0,,,,,0,0,0,0,0,0,/1,,mortoch02
198,Sean Newcomb*,26,ATL,NL,4,0,0,0,0,0,0,0,0,0,0,0,0,,,,,0,,0,0,,,/*1,,newcose01
199,Darren O'Day,36,ATL,NL,4,0,0,0,0,0,0,0,0,0,0,0,0,,,,,0,,0,0,,,/*1,,odayda01
200,Jake Odorizzi,29,MIN,AL,1,0,0,0,0,0,0,0,0,0,0,0,0,,,,,0,0,0,0,0,0,/1,,odorija01
201,Roberto Osuna,24,HOU,ALWS,9,0,0,0,0,0,0,0,0,0,0,0,0,,,,,0,0,0,0,0,0,/1,,osunaro01
202,Adam Ottavino#,33,NYY,AL,8,0,0,0,0,0,0,0,0,0,0,0,0,,,,,0,0,0,0,0,0,/*1,,ottavad01
203,Emilio Pagán*,28,TBR,AL,4,0,0,0,0,0,0,0,0,0,0,0,0,,,,,0,0,0,0,0,0,/1,,paganem01
204,James Paxton*,30,NYY,AL,3,0,0,0,0,0,0,0,0,0,0,0,0,,,,,0,0,0,0,0,0,/1,,paxtoja01
205,Brad Peacock,31,HOU,ALWS,5,0,0,0,0,0,0,0,0,0,0,0,0,,,,,0,0,0,0,0,0,/1,,peacobr01
206,Yusmeiro Petit,34,OAK,AL,1,0,0,0,0,0,0,0,0,0,0,0,0,,,,,0,0,0,0,0,0,/*1,,petityu01
207,Colin Poche*,25,TBR,AL,5,0,0,0,0,0,0,0,0,0,0,0,0,,,,,0,0,0,0,0,0,/*1,,pocheco01
208,Daniel Ponce de Leon,27,STL,NL,1,0,0,0,0,0,0,0,0,0,0,0,0,,,,,0,,0,0,,,/1,,ponceda01
209,Ryan Pressly,30,HOU,ALWS,10,0,0,0,0,0,0,0,0,0,0,0,0,,,,,0,0,0,0,0,0,1,,pressry01
210,Tanner Rainey,26,WSN,NLWS,9,0,0,0,0,0,0,0,0,0,0,0,0,,,,,0,,0,0,,,/1,,raineta01
211,Fernando Rodney,42,WSN,NLWS,6,0,0,0,0,0,0,0,0,0,0,0,0,,,,,0,,0,0,,,/1,,rodnefe01
212,Chaz Roe,32,TBR,AL,3,0,0,0,0,0,0,0,0,0,0,0,0,,,,,0,0,0,0,0,0,/1,,roech01
213,Taylor Rogers*,28,MIN,AL,1,0,0,0,0,0,0,0,0,0,0,0,0,,,,,0,0,0,0,0,0,/1,,rogerta01
214,Sergio Romo,36,MIN,AL,2,0,0,0,0,0,0,0,0,0,0,0,0,,,,,0,0,0,0,0,0,/1,,romose01
215,Héctor Rondón,31,HOU,ALWS,4,0,0,0,0,0,0,0,0,0,0,0,0,,,,,0,0,0,0,0,0,/1,,rondohe01
216,CC Sabathia*,38,NYY,AL,2,0,0,0,0,0,0,0,0,0,0,0,0,,,,,0,0,0,0,0,0,/1,,sabatc.01
217,Luis Severino,25,NYY,AL,2,0,0,0,0,0,0,0,0,0,0,0,0,,,,,0,0,0,0,0,0,/1,,severlu01
218,Devin Smeltzer,23,MIN,AL,1,0,0,0,0,0,0,0,0,0,0,0,0,,,,,0,0,0,0,0,0,/1,,smeltde01
219,Joe Smith,35,HOU,ALWS,10,0,0,0,0,0,0,0,0,0,0,0,0,,,,,0,0,0,0,0,0,1,,smithjo05
220,Blake Snell*,26,TBR,AL,3,0,0,0,0,0,0,0,0,0,0,0,0,,,,,0,0,0,0,0,0,/1,,snellbl01
221,Cory Spangenberg*,28,MIL,NL,1,0,0,0,0,0,0,0,0,0,0,0,0,,,,,0,,0,0,,,/*4,,spangco01
222,Cody Stashak,25,MIN,AL,2,0,0,0,0,0,0,0,0,0,0,0,0,,,,,0,0,0,0,0,0,/1,,stashco01
223,Andrew Stevenson*,25,WSN,NL,1,0,0,1,0,0,0,0,0,0,0,0,0,,,,,0,,0,0,,,/*H,,stevean01
224,Hunter Strickland,30,WSN,NL,2,0,0,0,0,0,0,0,0,0,0,0,0,,,,,0,,0,0,,,/1,,strichu01
225,Ross Stripling,29,LAD,NL,1,0,0,0,0,0,0,0,0,0,0,0,0,,,,,0,,0,0,,,/1,,stripro01
226,Wander Suero,27,WSN,NLWS,4,0,0,0,0,0,0,0,0,0,0,0,0,,,,,0,,0,0,,,/1,,suerowa01
227,Brent Suter*,29,MIL,NL,1,0,0,0,0,0,0,0,0,0,0,0,0,,,,,0,,0,0,,,/*1,,suterbr01
228,Masahiro Tanaka,30,NYY,AL,3,0,0,0,0,0,0,0,0,0,0,0,0,,,,,0,0,0,0,0,0,/1,,tanakma01
229,Julio Teheran,28,ATL,NL,2,0,0,0,0,0,0,0,0,0,0,0,0,,,,,0,,0,0,,,/1,,teherju01
230,Justin Verlander,36,HOU,ALWS,6,0,0,0,0,0,0,0,0,0,0,0,0,,,,,0,0,0,0,0,0,/1,,verlaju01
231,Tyler Webb*,28,STL,NL,5,0,0,0,0,0,0,0,0,0,0,0,0,,,,,0,,0,0,,,/1,,webbty01
232,Ryan Yarbrough,27,TBR,AL,3,0,0,0,0,0,0,0,0,0,0,0,0,,,,,0,0,0,0,0,0,/1,,yarbrry01
,MLB Average,,,,,,,,,,,,,,,,,.230,.306,.395,.700,,,,,,,,,-9999