Rk,Player,Age,Team,Lg,G,PA,AB,R,H,2B,3B,HR,RBI,SB,CS,BB,SO,BA,OBP,SLG,OPS,TB,GIDP,HBP,SH,SF,IBB,Pos,Awards,Player-additional
1,Rafael Furcal#,33,STL,NLWS,18,85,77,8,15,3,2,1,3,1,0,4,9,.195,.244,.325,.569,25,1,1,3,0,0,*6,,furcara02
2,Albert Pujols,31,STL,NLWS,18,82,68,15,24,8,0,5,16,1,1,12,11,.353,.463,.691,1.155,47,1,2,0,0,8,*3,,pujolal01
3,Ian Kinsler,29,TEX,ALWS,17,80,65,10,20,5,0,1,11,3,4,14,9,.308,.438,.431,.868,28,1,1,0,0,1,*4,,kinslia01
4,Elvis Andrus,22,TEX,ALWS,17,79,68,10,16,1,0,0,1,1,2,7,12,.235,.316,.250,.566,17,2,1,3,0,0,*6,,andruel01
5,Adrian Beltré,32,TEX,ALWS,17,76,72,14,19,5,0,5,9,0,0,2,19,.264,.303,.542,.844,39,1,2,0,0,1,*5,,beltrad01
6,Lance Berkman#,35,STL,NLWS,18,76,64,17,20,2,0,2,11,2,0,9,12,.313,.413,.438,.851,28,0,2,0,0,1,*9/D7H,,berkmla01
7,Josh Hamilton*,30,TEX,ALWS,17,76,70,9,19,7,0,1,13,0,0,3,8,.271,.289,.414,.704,29,1,0,0,3,2,*87,,hamiljo03
8,Yadier Molina,28,STL,NLWS,18,75,67,7,20,5,0,0,12,1,0,7,11,.299,.360,.373,.733,25,1,0,0,1,3,*2/3,,molinya01
9,Michael Young,34,TEX,ALWS,17,74,70,7,16,7,0,2,12,0,0,3,15,.229,.257,.414,.671,29,1,0,0,1,0,/D3,,youngmi02
10,David Freese,28,STL,NLWS,18,71,63,12,25,8,1,5,21,0,0,7,14,.397,.465,.794,1.258,50,3,1,0,0,1,*5,NLCS MVPWS MVP,freesda01
11,Nelson Cruz,30,TEX,ALWS,17,70,62,13,14,2,0,8,16,0,1,7,14,.226,.314,.645,.959,40,2,1,0,0,1,*9,ALCS MVP,cruzne02
12,Mike Napoli,29,TEX,ALWS,17,70,58,11,19,1,0,3,15,1,0,10,13,.328,.414,.500,.914,29,1,0,0,2,2,*2/3D,,napolmi01
13,Jon Jay*,26,STL,NLWS,18,63,55,8,10,2,0,0,3,1,1,6,6,.182,.262,.218,.480,12,2,0,2,0,1,*8/H,,jayjo02
14,Matt Holliday,31,STL,NLWS,16,62,51,13,15,3,0,1,5,0,1,10,14,.294,.419,.412,.831,21,3,1,0,0,0,*7/H,,hollima01
15,Austin Jackson,24,DET,AL,11,50,41,6,8,2,0,1,4,1,1,7,19,.195,.327,.317,.644,13,0,1,1,0,0,*8,,jacksau01
16,David Murphy*,29,TEX,ALWS,15,49,41,5,13,3,1,0,3,1,0,8,6,.317,.429,.439,.868,18,0,0,0,0,1,*7/H9D,,murphda07
17,Ryan Braun,27,MIL,NL,11,47,42,7,17,7,0,2,10,1,0,4,9,.405,.468,.714,1.182,30,0,1,0,0,0,*7,,braunry02
18,Miguel Cabrera,28,DET,AL,11,47,35,7,11,4,0,4,10,2,0,12,11,.314,.489,.771,1.261,27,1,0,0,0,5,*3,,cabremi01
19,Allen Craig,26,STL,NLWS,15,47,37,9,9,0,1,4,8,0,2,8,13,.243,.391,.622,1.013,23,1,1,1,0,0,/9H7,,craigal01
20,Prince Fielder*,27,MIL,NL,11,46,38,6,9,4,0,3,6,0,0,6,9,.237,.370,.579,.949,22,2,2,0,0,2,*3,,fieldpr01
21,Victor Martinez#,32,DET,AL,11,46,40,4,10,0,1,2,5,0,0,5,6,.250,.348,.450,.798,18,2,1,0,0,0,*D,,martivi01
22,Jerry Hairston,35,MIL,NL,11,45,39,8,15,6,0,0,4,0,0,4,4,.385,.422,.538,.961,21,0,0,0,2,0,*5,,hairsje02
23,Jhonny Peralta,29,DET,AL,11,45,41,2,9,3,0,2,3,0,0,2,8,.220,.273,.439,.712,18,1,1,1,0,0,*6,,peraljh01
24,Rickie Weeks,28,MIL,NL,11,45,41,5,6,1,1,2,4,0,0,2,6,.146,.222,.366,.588,15,3,2,0,0,0,*4,,weeksri01
25,Alex Avila*,24,DET,AL,11,44,41,1,3,0,0,1,2,0,0,2,16,.073,.116,.146,.263,6,1,0,1,0,0,*2,,avilaal01
26,Corey Hart,29,MIL,NL,10,44,41,6,10,0,0,2,5,0,0,2,8,.244,.273,.390,.663,16,0,0,0,1,0,*9,,hartco01
27,Nick Punto#,33,STL,NLWS,15,44,35,0,6,0,0,0,3,0,0,7,17,.171,.302,.171,.474,6,0,0,1,1,2,4/H,,puntoni01
28,Yuniesky Betancourt,29,MIL,NL,11,43,42,7,13,3,1,1,6,0,0,1,4,.310,.326,.500,.826,21,1,0,0,0,0,*6,,betanyu01
29,Ramón Santiago#,31,DET,AL,10,40,38,1,11,2,0,0,2,0,0,0,7,.289,.289,.342,.632,13,3,0,2,0,0,*4,,santira01
30,Delmon Young,25,DET,AL,9,36,34,6,8,0,0,5,6,0,0,2,7,.235,.278,.676,.954,23,0,0,0,0,0,*/7,,youngde03
31,Ryan Theriot,31,STL,NLWS,12,35,33,3,8,2,0,0,3,1,0,1,5,.242,.265,.303,.568,10,1,0,1,0,0,/4H,,theriry01
32,Jonathan Lucroy,25,MIL,NL,10,32,32,3,8,1,0,1,5,0,0,0,8,.250,.250,.375,.625,12,0,0,0,0,0,*2,,lucrojo01
33,Mitch Moreland*,25,TEX,ALWS,9,32,29,2,3,0,0,2,3,0,0,2,8,.103,.188,.310,.498,9,2,1,0,0,0,/3,,morelmi01
34,Nyjer Morgan*,30,MIL,NL,10,32,28,2,5,2,0,0,3,0,0,2,11,.179,.281,.250,.531,7,1,2,0,0,0,*/89H,,morgany01
35,Ryan Raburn,30,DET,AL,9,32,28,4,8,1,0,2,5,0,0,4,7,.286,.375,.536,.911,15,3,0,0,0,0,/794H,,raburry01
36,Brandon Inge,34,DET,AL,10,27,22,6,7,1,0,1,1,0,0,3,3,.318,.423,.500,.923,11,0,1,1,0,0,*5,,ingebr01
37,Derek Jeter,37,NYY,AL,5,25,24,6,6,1,0,0,2,1,0,1,8,.250,.280,.292,.572,7,1,0,0,0,0,/*6,,jeterde01
38,Robinson Canó*,28,NYY,AL,5,24,22,2,7,2,0,2,9,0,0,2,4,.318,.375,.682,1.057,15,0,0,0,0,1,/*4,,canoro01
39,Curtis Granderson*,30,NYY,AL,5,24,20,4,5,1,1,1,3,0,0,4,7,.250,.375,.550,.925,11,0,0,0,0,0,*/8,,grandcu01
40,Willie Bloomquist,33,ARI,NL,5,23,22,3,7,0,0,0,1,3,0,1,3,.318,.348,.318,.666,7,2,0,0,0,0,/*6,,bloomwi01
41,Aaron Hill,29,ARI,NL,5,23,18,3,5,0,0,1,1,0,0,5,3,.278,.435,.444,.879,8,1,0,0,0,0,/*4,,hillaa01
42,Alex Rodriguez,35,NYY,AL,5,23,18,1,2,0,0,0,3,0,0,4,6,.111,.261,.111,.372,2,0,0,0,1,0,/*5,,rodrial01
43,Justin Upton,23,ARI,NL,5,23,20,3,4,0,0,2,3,0,0,3,6,.200,.304,.500,.804,10,0,0,0,0,0,*/9,,uptonju01
44,Miguel Montero*,27,ARI,NL,5,22,20,3,6,2,0,0,2,0,0,2,6,.300,.364,.400,.764,8,0,0,0,0,1,/*2,,montemi01
45,Ryan Howard*,31,PHI,NL,5,21,19,1,2,0,0,1,6,0,0,1,6,.105,.143,.263,.406,5,0,0,0,1,0,/*3,,howarry01
46,Russell Martin,28,NYY,AL,5,21,17,3,3,1,0,0,0,0,0,2,4,.176,.333,.235,.569,4,2,2,0,0,0,/*2,,martiru01
47,Hunter Pence,28,PHI,NL,5,21,19,3,4,0,0,0,4,0,1,2,2,.211,.286,.211,.496,4,0,0,0,0,1,*/9,,pencehu01
48,Jimmy Rollins#,32,PHI,NL,5,21,20,6,9,4,0,0,0,2,1,1,1,.450,.476,.650,1.126,13,0,0,0,0,0,/*6,,rolliji01
49,Skip Schumaker*,31,STL,NLWS,11,21,21,2,8,2,0,0,4,0,0,0,3,.381,.381,.476,.857,10,1,0,0,0,0,/894H,,schumsk01
50,Mark Teixeira#,31,NYY,AL,5,21,18,2,3,2,0,0,1,0,0,2,5,.167,.286,.278,.563,5,0,1,0,0,0,/*3,,teixema01
51,Chase Utley*,32,PHI,NL,5,21,16,5,7,2,1,0,1,0,1,3,3,.438,.571,.688,1.259,11,0,2,0,0,0,/*4,,utleych01
52,Don Kelly*,31,DET,AL,9,20,20,3,6,1,0,1,2,0,0,0,4,.300,.300,.500,.800,10,0,0,0,0,0,*/95H,,kellydo01
53,Ryan Roberts,30,ARI,NL,5,20,20,2,7,1,0,2,6,0,1,0,4,.350,.350,.700,1.050,14,0,0,0,0,0,/*5,,roberry01
54,Nick Swisher#,30,NYY,AL,5,20,19,1,4,0,0,1,1,0,0,1,5,.211,.250,.368,.618,7,0,0,0,0,0,*/9,,swishni01
55,Chris Young,27,ARI,NL,5,20,18,5,7,1,0,3,4,2,0,2,5,.389,.450,.944,1.394,17,0,0,0,0,0,*/8,,youngch04
56,Paul Goldschmidt,23,ARI,NL,4,19,16,4,7,0,0,2,6,1,0,2,5,.438,.526,.813,1.339,13,0,1,0,0,0,/*3,,goldspa01
57,Gerardo Parra*,24,ARI,NL,5,19,18,1,1,1,0,0,0,0,0,1,7,.056,.105,.111,.216,2,0,0,0,0,0,*/7,,parrage01
58,Plácido Polanco,35,PHI,NL,5,19,19,0,2,0,0,0,0,0,0,0,3,.105,.105,.105,.211,2,1,0,0,0,0,/*5,,polanpl01
59,Jorge Posada#,40,NYY,AL,5,19,14,4,6,0,1,0,0,0,0,4,6,.429,.579,.571,1.150,8,0,1,0,0,0,/*D,,posadjo01
60,Shane Victorino,30,PHI,NL,5,19,19,2,6,1,0,0,2,0,0,0,0,.316,.316,.368,.684,7,0,0,0,0,0,*/8,,victosh01
61,Brett Gardner*,27,NYY,AL,5,18,17,3,7,1,0,0,5,0,0,1,4,.412,.444,.471,.915,8,0,0,0,0,0,*/7,,gardnbr01
62,Craig Gentry,27,TEX,ALWS,13,18,15,2,5,0,0,0,1,2,1,1,4,.333,.412,.333,.745,5,0,1,1,0,0,*8/H7,,gentrcr01
63,Desmond Jennings,24,TBR,AL,4,18,15,3,5,1,0,2,2,0,0,3,1,.333,.444,.800,1.244,12,0,0,0,0,0,*/7,,jennide01
64,Evan Longoria,25,TBR,AL,4,18,16,2,3,0,0,1,3,0,0,2,8,.188,.278,.375,.653,6,0,0,0,0,0,/*5,,longoev01
65,Carlos Ruiz,32,PHI,NL,5,18,17,1,1,0,0,0,0,0,0,1,3,.059,.111,.059,.170,1,0,0,0,0,1,/*2,,ruizca01
66,Yorvit Torrealba,32,TEX,ALWS,7,18,17,1,6,1,0,0,0,0,0,1,5,.353,.389,.412,.801,7,0,0,0,0,0,/2HD,,torreyo01
67,B.J. Upton,26,TBR,AL,4,18,14,3,4,3,0,0,0,1,2,4,6,.286,.444,.500,.944,7,0,0,0,0,0,*/8,,uptonbj01
68,Ben Zobrist#,30,TBR,AL,4,18,17,2,4,0,0,0,0,0,0,0,4,.235,.278,.235,.513,4,0,1,0,0,0,/*4,,zobribe01
69,Johnny Damon*,37,TBR,AL,4,17,17,3,4,0,0,1,3,0,0,0,4,.235,.235,.412,.647,7,0,0,0,0,0,/*D,,damonjo01
70,Carlos Gómez,25,MIL,NL,8,17,14,3,5,0,0,1,2,2,1,0,2,.357,.400,.571,.971,8,0,1,2,0,0,*/8H,,gomezca01
71,Matt Joyce*,26,TBR,AL,4,16,15,1,3,1,0,1,4,0,0,1,5,.200,.250,.467,.717,7,0,0,0,0,0,*/9,,joycema01
72,Casey Kotchman*,28,TBR,AL,4,16,16,1,4,1,0,0,2,0,0,0,1,.250,.250,.313,.563,5,0,0,0,0,0,/*3,,kotchca01
73,Raúl Ibañez*,39,PHI,NL,4,15,15,1,3,0,0,1,4,0,0,0,5,.200,.200,.400,.600,6,0,0,0,0,0,*/7,,ibanera01
74,Mark Kotsay*,35,MIL,NL,9,15,12,2,1,0,0,1,1,0,0,3,2,.083,.267,.333,.600,4,0,0,0,0,1,/H98,,kotsama01
75,Magglio Ordóñez,37,DET,AL,5,15,13,1,5,1,0,0,0,0,0,2,3,.385,.467,.462,.928,6,2,0,0,0,1,/9,,ordonma01
76,Sean Rodríguez,26,TBR,AL,4,14,12,3,2,1,0,0,1,0,0,2,0,.167,.286,.250,.536,3,0,0,0,0,0,/*64H,,rodrise01
77,Chris Carpenter,36,STL,NLWS,6,11,11,0,2,0,0,0,0,0,0,0,3,.182,.182,.182,.364,2,1,0,0,0,0,/1,,carpech01
78,Daniel Descalso*,24,STL,NLWS,13,11,9,3,3,0,0,0,0,0,0,0,2,.333,.333,.333,.667,3,0,0,2,0,0,5/H46,,descada01
79,Kelly Shoppach,31,TBR,AL,4,11,10,3,4,0,0,2,6,0,0,1,4,.400,.455,1.000,1.455,10,1,0,0,0,0,/*2,,shoppke01
80,Jaime García*,24,STL,NLWS,5,10,9,0,0,0,0,0,1,0,0,1,4,.000,.100,.000,.100,0,0,0,0,0,0,/1,,garcija02
81,Wilson Betemit#,29,DET,AL,4,9,9,0,0,0,0,0,0,0,0,0,5,.000,.000,.000,.000,0,0,0,0,0,0,/5H,,betemwi01
82,George Kottaras*,28,MIL,NL,3,9,8,0,0,0,0,0,2,0,0,1,2,.000,.111,.000,.111,0,0,0,0,0,0,/2H,,kottage01
83,Yovani Gallardo,25,MIL,NL,3,7,6,0,0,0,0,0,1,0,0,0,1,.000,.000,.000,.000,0,0,0,0,1,0,/1,,gallayo01
84,Zack Greinke,27,MIL,NL,3,7,6,0,2,0,0,0,0,0,0,0,1,.333,.333,.333,.667,2,0,0,1,0,0,/1,,greinza01
85,Adron Chambers*,24,STL,NL,10,6,5,2,1,0,0,0,2,0,0,0,4,.200,.167,.200,.367,1,0,0,0,1,0,/9H,,chambad01
86,Roy Halladay,34,PHI,NL,2,6,6,0,1,0,0,0,0,0,0,0,2,.167,.167,.167,.333,1,0,0,0,0,0,/1,,hallaro01
87,Kyle Lohse,32,STL,NLWS,6,6,5,0,0,0,0,0,0,0,0,0,3,.000,.000,.000,.000,0,0,0,1,0,0,/1H,,lohseky01
88,Casey McGehee,28,MIL,NL,6,6,5,0,1,0,0,0,0,0,0,1,2,.200,.333,.200,.533,1,0,0,0,0,0,/H,,mcgehca01
89,Endy Chávez*,33,TEX,ALWS,5,5,5,0,0,0,0,0,0,0,0,0,0,.000,.000,.000,.000,0,0,0,0,0,0,/7H8,,chaveen01
90,Andy Dirks*,25,DET,AL,2,5,5,1,1,0,0,0,0,1,0,0,1,.200,.200,.200,.400,1,0,0,0,0,0,/9H,,dirksan01
91,Edwin Jackson,27,STL,NLWS,5,5,4,1,1,0,0,0,0,0,0,0,2,.250,.250,.250,.500,1,0,0,1,0,0,/1H,,jacksed01
92,Colby Lewis,31,TEX,ALWS,4,5,5,0,0,0,0,0,0,0,0,0,2,.000,.000,.000,.000,0,1,0,0,0,0,/1,,lewisco01
93,Craig Counsell*,40,MIL,NL,6,4,4,0,0,0,0,0,0,0,0,0,0,.000,.000,.000,.000,0,0,0,0,0,0,/4H6,,counscr01
94,John Jaso*,27,TBR,AL,2,4,4,0,0,0,0,0,0,0,0,0,1,.000,.000,.000,.000,0,0,0,0,0,0,/2H,,jasojo01
95,Ian Kennedy,26,ARI,NL,2,4,4,0,1,0,0,0,0,0,0,0,2,.250,.250,.250,.500,1,0,0,0,0,0,/1,,kenneia01
96,John Mayberry,27,PHI,NL,2,4,4,0,0,0,0,0,0,0,0,0,1,.000,.000,.000,.000,0,0,0,0,0,0,/7H,,maybejo02
97,Lyle Overbay*,34,ARI,NL,2,4,4,0,0,0,0,0,0,0,0,0,2,.000,.000,.000,.000,0,0,0,0,0,0,/3H,,overbly01
98,Randy Wolf*,34,MIL,NL,2,4,3,0,1,1,0,0,0,0,0,0,0,.333,.333,.667,1.000,2,0,0,1,0,0,/1,,wolfra02
99,Sean Burroughs*,30,ARI,NL,3,3,3,0,1,0,0,0,0,0,0,0,2,.333,.333,.333,.667,1,0,0,0,0,0,/H5,,burrose01
100,Josh Collmenter,25,ARI,NL,1,3,3,1,1,0,0,0,0,0,0,0,1,.333,.333,.333,.667,1,0,0,0,0,0,/1,,collmjo01
101,Sam Fuld*,29,TBR,AL,3,3,3,0,0,0,0,0,0,0,0,0,1,.000,.000,.000,.000,0,0,0,0,0,0,/*H9,,fuldsa01
102,Esteban Germán,33,TEX,WS,3,3,3,0,0,0,0,0,0,0,0,0,1,.000,.000,.000,.000,0,0,0,0,0,0,/H7,,germaes01
103,Shaun Marcum,29,MIL,NL,3,3,3,0,0,0,0,0,0,0,0,0,1,.000,.000,.000,.000,0,0,0,0,0,0,/1,,marcush01
104,Geoff Blum#,38,ARI,NL,2,2,2,0,0,0,0,0,0,0,0,0,2,.000,.000,.000,.000,0,0,0,0,0,0,/H,,blumge01
105,Reid Brignac#,25,TBR,AL,3,2,1,0,0,0,0,0,0,0,0,1,0,.000,.500,.000,.500,0,0,0,0,0,0,/*6,,brignre01
106,Ben Francisco,29,PHI,NL,2,2,2,1,1,0,0,1,3,0,0,0,0,.500,.500,2.000,2.500,4,0,0,0,0,0,/H,,francbe01
107,Ross Gload*,35,PHI,NL,3,2,2,0,1,0,0,0,0,0,0,0,1,.500,.500,.500,1.000,1,0,0,0,0,0,/H,,gloadro01
108,Taylor Green*,24,MIL,NL,3,2,2,0,0,0,0,0,0,0,0,0,0,.000,.000,.000,.000,0,0,0,0,0,0,/H4,,greenta01
109,Cole Hamels*,27,PHI,NL,1,2,2,0,0,0,0,0,0,0,0,0,0,.000,.000,.000,.000,0,0,0,0,0,0,/1,,hamelco01
110,Matt Harrison*,25,TEX,ALWS,5,2,1,0,0,0,0,0,0,0,0,0,1,.000,.000,.000,.000,0,0,0,1,0,0,/1,,harrima01
111,Daniel Hudson,24,ARI,NL,1,2,2,0,0,0,0,0,0,0,0,0,1,.000,.000,.000,.000,0,0,0,0,0,0,/1,,hudsoda01
112,Cliff Lee*,32,PHI,NL,1,2,2,0,0,0,0,0,0,0,0,0,1,.000,.000,.000,.000,0,0,0,0,0,0,/1,,leecl02
113,John McDonald,36,ARI,NL,2,2,2,0,0,0,0,0,0,0,0,0,0,.000,.000,.000,.000,0,0,0,0,0,0,/6H,,mcdonjo03
114,Jesús Montero,21,NYY,AL,1,2,2,1,2,0,0,0,1,0,0,0,0,1.000,1.000,1.000,2.000,2,0,0,0,0,0,/DH,,monteje01
115,Roy Oswalt,33,PHI,NL,1,2,1,0,0,0,0,0,0,0,0,0,0,.000,.000,.000,.000,0,0,0,1,0,0,/1,,oswalro01
116,C.J. Wilson*,30,TEX,ALWS,6,2,2,0,0,0,0,0,0,0,0,0,0,.000,.000,.000,.000,0,0,0,0,0,0,/1,,wilsocj01
117,Henry Blanco,39,ARI,NL,1,1,1,0,0,0,0,0,0,0,0,0,0,.000,.000,.000,.000,0,0,0,0,0,0,/2,,blanche01
118,Eric Chávez*,33,NYY,AL,1,1,1,0,0,0,0,0,0,0,0,0,1,.000,.000,.000,.000,0,0,0,0,0,0,/H,,chaveer01
119,Collin Cowgill,25,ARI,NL,2,1,1,0,1,0,0,0,2,0,0,0,0,1.000,1.000,1.000,2.000,1,0,0,0,0,0,/H,,cowgico01
120,Chris Dickerson*,29,NYY,AL,1,1,1,1,0,0,0,0,0,0,0,0,0,.000,.000,.000,.000,0,0,0,0,0,0,/9H,,dickech01
121,Derek Holland#,24,TEX,ALWS,6,1,1,1,0,0,0,0,0,0,0,0,0,.000,.000,.000,.000,0,0,0,0,0,0,/1,,hollade01
122,Andruw Jones,34,NYY,AL,1,1,0,0,0,0,0,0,1,0,0,0,0,,.000,,,0,0,0,0,1,0,/7,,jonesan01
123,Gerald Laird,31,STL,NLWS,4,1,1,0,0,0,0,0,0,0,0,0,1,.000,.000,.000,.000,0,0,0,0,0,0,/H2,,lairdge01
124,Lance Lynn#,24,STL,NLWS,10,1,1,0,0,0,0,0,0,0,0,0,1,.000,.000,.000,.000,0,0,0,0,0,0,*1,,lynnla01
125,Ryan Madson*,30,PHI,NL,4,1,1,0,0,0,0,0,0,0,0,0,1,.000,.000,.000,.000,0,0,0,0,0,0,/*1,,madsory01
126,Chris Narveson*,29,MIL,NL,6,1,1,0,0,0,0,0,0,0,0,0,1,.000,.000,.000,.000,0,0,0,0,0,0,/1,,narvech01
127,Micah Owings,28,ARI,NL,2,1,1,0,0,0,0,0,0,0,0,0,0,.000,.000,.000,.000,0,0,0,0,0,0,/1,,owingmi01
128,Joe Saunders*,30,ARI,NL,1,1,0,0,0,0,0,0,0,0,0,1,0,,1.000,,,0,0,0,0,0,0,/1,,saundjo01
129,Mike Adams,32,TEX,ALWS,11,0,0,0,0,0,0,0,0,0,0,0,0,,,,,0,0,0,0,0,0,1,,adamsmi03
130,Al Alburquerque,25,DET,AL,4,0,0,0,0,0,0,0,0,0,0,0,0,,,,,0,0,0,0,0,0,/1,,albural01
131,John Axford,28,MIL,NL,6,0,0,0,0,0,0,0,0,0,0,0,0,,,,,0,,0,0,,,/1,,axforjo01
132,Luis Ayala,33,NYY,AL,2,0,0,0,0,0,0,0,0,0,0,0,0,,,,,0,0,0,0,0,0,/1,,ayalalu01
133,Antonio Bastardo,25,PHI,NL,2,0,0,0,0,0,0,0,0,0,0,0,0,,,,,0,,0,0,,,/1,,bastaan01
134,Joaquin Benoit,33,DET,AL,5,0,0,0,0,0,0,0,0,0,0,0,0,,,,,0,0,0,0,0,0,/1,,benoijo01
135,Joe Blanton,30,PHI,NL,1,0,0,0,0,0,0,0,0,0,0,0,0,,,,,0,,0,0,,,/1,,blantjo01
136,Mitchell Boggs,27,STL,NLWS,7,0,0,0,0,0,0,0,0,0,0,0,0,,,,,0,0,0,0,0,0,/1,,boggsmi01
137,A.J. Burnett,34,NYY,AL,1,0,0,0,0,0,0,0,0,0,0,0,0,,,,,0,0,0,0,0,0,/1,,burnea.01
138,Phil Coke*,28,DET,AL,5,0,0,0,0,0,0,0,0,0,0,0,0,,,,,0,0,0,0,0,0,/1,,cokeph01
139,Juan Cruz,32,TBR,AL,2,0,0,0,0,0,0,0,0,0,0,0,0,,,,,0,0,0,0,0,0,/1,,cruzju02
140,Wade Davis,25,TBR,AL,2,0,0,0,0,0,0,0,0,0,0,0,0,,,,,0,0,0,0,0,0,/1,,daviswa01
141,Octavio Dotel,37,STL,NLWS,12,0,0,0,0,0,0,0,0,0,0,0,0,,,,,0,,0,0,,,1,,doteloc01
142,Marco Estrada,27,MIL,NL,4,0,0,0,0,0,0,0,0,0,0,0,0,,,,,0,,0,0,,,/1,,estrama01
143,Scott Feldman*,28,TEX,ALWS,9,0,0,0,0,0,0,0,0,0,0,0,0,,,,,0,0,0,0,0,0,/1,,feldmsc01
144,Neftalí Feliz,23,TEX,ALWS,11,0,0,0,0,0,0,0,0,0,0,0,0,,,,,0,0,0,0,0,0,1,,felizne01
145,Doug Fister*,27,DET,AL,3,0,0,0,0,0,0,0,0,0,0,0,0,,,,,0,0,0,0,0,0,/1,,fistedo01
146,Freddy García,34,NYY,AL,1,0,0,0,0,0,0,0,0,0,0,0,0,,,,,0,0,0,0,0,0,/1,,garcifr03
147,Brandon Gomes,26,TBR,AL,3,0,0,0,0,0,0,0,0,0,0,0,0,,,,,0,0,0,0,0,0,/*1,,gomesbr01
148,Mike González,33,TEX,ALWS,8,0,0,0,0,0,0,0,0,0,0,0,0,,,,,0,0,0,0,0,0,/1,,gonzami02
149,LaTroy Hawkins,38,MIL,NL,4,0,0,0,0,0,0,0,0,0,0,0,0,,,,,0,,0,0,,,/1,,hawkila01
150,Jeremy Hellickson,24,TBR,AL,1,0,0,0,0,0,0,0,0,0,0,0,0,,,,,0,0,0,0,0,0,/1,,hellije01
151,David Hernández,26,ARI,NL,4,0,0,0,0,0,0,0,0,0,0,0,0,,,,,0,,0,0,,,/*1,,hernada01
152,J.P. Howell*,28,TBR,AL,1,0,0,0,0,0,0,0,0,0,0,0,0,,,,,0,0,0,0,0,0,/1,,howeljp01
153,Phil Hughes,25,NYY,AL,2,0,0,0,0,0,0,0,0,0,0,0,0,,,,,0,0,0,0,0,0,/1,,hugheph01
154,Elliot Johnson#,27,TBR,AL,1,0,0,0,0,0,0,0,0,0,0,0,0,,,,,0,,0,0,,,/H,,johnsel02
155,Brad Lidge,34,PHI,NL,3,0,0,0,0,0,0,0,0,0,0,0,0,,,,,0,,0,0,,,/1,,lidgebr01
156,Kameron Loe,29,MIL,NL,5,0,0,0,0,0,0,0,0,0,0,0,0,,,,,0,,0,0,,,/1,,loeka01
157,Boone Logan,26,NYY,AL,3,0,0,0,0,0,0,0,0,0,0,0,0,,,,,0,0,0,0,0,0,/1,,loganbo02
158,Mark Lowe*,28,TEX,WS,2,0,0,0,0,0,0,0,0,0,0,0,0,,,,,0,,0,0,,,/1,,lowema01
159,Michael Martínez#,28,PHI,NL,2,0,0,1,0,0,0,0,0,0,0,0,0,,,,,0,,0,0,,,/H,,martimi02
160,Kyle McClellan,27,STL,NL,1,0,0,0,0,0,0,0,0,0,0,0,0,,,,,0,,0,0,,,/1,,mccleky01
161,Jake McGee*,24,TBR,AL,1,0,0,0,0,0,0,0,0,0,0,0,0,,,,,0,0,0,0,0,0,/1,,mcgeeja01
162,Matt Moore*,22,TBR,AL,2,0,0,0,0,0,0,0,0,0,0,0,0,,,,,0,0,0,0,0,0,/1,,moorema02
163,Jason Motte,29,STL,NLWS,12,0,0,0,0,0,0,0,0,0,0,0,0,,,,,0,,0,0,,,1,,motteja01
164,Iván Nova,24,NYY,AL,2,0,0,0,0,0,0,0,0,0,0,0,0,,,,,0,0,0,0,0,0,/1,,novaiv01
165,Eduardo Núñez,24,NYY,AL,1,0,0,0,0,0,0,0,0,1,0,0,0,,,,,0,,0,0,,,/DH,,nunezed02
166,Alexi Ogando,27,TEX,ALWS,13,0,0,0,0,0,0,0,0,0,0,0,0,,,,,0,0,0,0,0,0,*1,,ogandal01
167,Darren Oliver,40,TEX,ALWS,8,0,0,0,0,0,0,0,0,0,0,0,0,,,,,0,0,0,0,0,0,/1,,oliveda02
168,Jarrod Parker,22,ARI,NL,1,0,0,0,0,0,0,0,0,0,0,0,0,,,,,0,,0,0,,,/1,,parkeja02
169,Joe Paterson,25,ARI,NL,1,0,0,0,0,0,0,0,0,0,0,0,0,,,,,0,,0,0,,,/1,,paterjo01
170,Brad Penny,33,DET,AL,1,0,0,0,0,0,0,0,0,0,0,0,0,,,,,0,0,0,0,0,0,/1,,pennybr01
171,Joel Peralta,35,TBR,AL,3,0,0,0,0,0,0,0,0,0,0,0,0,,,,,0,0,0,0,0,0,/*1,,peraljo01
172,Ryan Perry,24,DET,AL,5,0,0,0,0,0,0,0,0,0,0,0,0,,,,,0,0,0,0,0,0,/1,,perryry01
173,Rick Porcello,22,DET,AL,4,0,0,0,0,0,0,0,0,0,0,0,0,,,,,0,0,0,0,0,0,/1,,porceri01
174,David Price*,25,TBR,AL,1,0,0,0,0,0,0,0,0,0,0,0,0,,,,,0,0,0,0,0,0,/1,,priceda01
175,J.J. Putz,34,ARI,NL,3,0,0,0,0,0,0,0,0,0,0,0,0,,,,,0,,0,0,,,/1,,putzjj01
176,Arthur Rhodes*,41,STL,NLWS,8,0,0,0,0,0,0,0,0,0,0,0,0,,,,,0,,0,0,,,/1,,rhodear01
177,Mariano Rivera,41,NYY,AL,2,0,0,0,0,0,0,0,0,0,0,0,0,,,,,0,0,0,0,0,0,/1,,riverma01
178,David Robertson,26,NYY,AL,2,0,0,0,0,0,0,0,0,0,0,0,0,,,,,0,0,0,0,0,0,/1,,roberda08
179,Francisco Rodríguez,29,MIL,NL,5,0,0,0,0,0,0,0,0,0,0,0,0,,,,,0,,0,0,,,/1,,rodrifr03
180,Marc Rzepczynski*,25,STL,NLWS,12,0,0,0,0,0,0,0,0,0,0,0,0,,,,,0,,0,0,,,1,,rzepcma01
181,CC Sabathia*,30,NYY,AL,3,0,0,0,0,0,0,0,0,0,0,0,0,,,,,0,0,0,0,0,0,/1,,sabatc.01
182,Takashi Saito*,41,MIL,NL,6,0,0,0,0,0,0,0,0,0,0,0,0,,,,,0,,0,0,,,/1,,saitota01
183,Fernando Salas,26,STL,NLWS,11,0,0,0,0,0,0,0,0,0,0,0,0,,,,,0,,0,0,,,1,,salasfe01
184,Omir Santos,30,DET,AL,1,0,0,0,0,0,0,0,0,0,0,0,0,,,,,0,,0,0,,,/2,,santoom01
185,Max Scherzer,26,DET,AL,4,0,0,0,0,0,0,0,0,0,0,0,0,,,,,0,0,0,0,0,0,/1,,scherma01
186,Daniel Schlereth*,25,DET,AL,3,0,0,0,0,0,0,0,0,0,0,0,0,,,,,0,0,0,0,0,0,/1,,schleda01
187,Bryan Shaw#,23,ARI,NL,4,0,0,0,0,0,0,0,0,0,0,0,0,,,,,0,,0,0,,,/*1,,shawbr01
188,James Shields,29,TBR,AL,1,0,0,0,0,0,0,0,0,0,0,0,0,,,,,0,0,0,0,0,0,/1,,shielja02
189,Rafael Soriano,31,NYY,AL,3,0,0,0,0,0,0,0,0,0,0,0,0,,,,,0,0,0,0,0,0,/1,,soriara01
190,Michael Stutes,24,PHI,NL,1,0,0,0,0,0,0,0,0,0,0,0,0,,,,,0,,0,0,,,/1,,sttuemi01
191,Yoshinori Tateyama,35,TEX,AL,1,0,0,0,0,0,0,0,0,0,0,0,0,,,,,0,0,0,0,0,0,/1,,tateyyo01
192,Koji Uehara,36,TEX,AL,3,0,0,0,0,0,0,0,0,0,0,0,0,,,,,0,0,0,0,0,0,/1,,ueharko01
193,José Valverde,33,DET,AL,6,0,0,0,0,0,0,0,0,0,0,0,0,,,,,0,0,0,0,0,0,/1,,valvejo01
194,Justin Verlander,28,DET,AL,4,0,0,0,0,0,0,0,0,0,0,0,0,,,,,0,0,0,0,0,0,/1,,verlaju01
195,Cory Wade,28,NYY,AL,1,0,0,0,0,0,0,0,0,0,0,0,0,,,,,0,0,0,0,0,0,/1,,wadeco01
196,Jake Westbrook,33,STL,WS,2,0,0,0,0,0,0,0,0,0,0,0,0,,,,,0,,0,0,,,/1,,westbja01
197,Vance Worley,23,PHI,NL,2,0,0,0,0,0,0,0,0,0,0,0,0,,,,,0,,0,0,,,/1,,worleva01
198,Danny Worth,25,DET,AL,1,0,0,0,0,0,0,0,0,0,0,0,0,,,,,0,,0,0,,,/H,,worthda01
199,Brad Ziegler,31,ARI,NL,2,0,0,0,0,0,0,0,0,0,0,0,0,,,,,0,,0,0,,,/1,,zieglbr01
,MLB Average,,,,,,,,,,,,,,,,,.255,.328,.427,.755,,,,,,,,,-9999