Rk,Player,Age,Team,Lg,G,PA,AB,R,H,2B,3B,HR,RBI,SB,CS,BB,SO,BA,OBP,SLG,OPS,TB,GIDP,HBP,SH,SF,IBB,Pos,Awards,Player-additional
1,Randy Arozarena,25,TBR,ALWS,20,86,77,19,29,3,1,10,14,0,2,8,19,.377,.442,.831,1.273,64,2,1,0,0,2,*7/D,ALCS MVP,arozara01
2,Mookie Betts,27,LAD,NLWS,18,82,71,15,21,8,0,2,8,6,0,10,16,.296,.378,.493,.871,35,1,0,0,1,0,*9,,bettsmo01
3,Brandon Lowe*,25,TBR,ALWS,20,82,76,7,9,0,0,4,8,0,0,6,28,.118,.183,.276,.459,21,2,0,0,0,0,*4/7H,,lowebr01
4,Max Muncy*,29,LAD,NLWS,18,80,60,12,15,4,0,3,14,0,0,20,21,.250,.438,.467,.904,28,1,0,0,0,0,*3/4,,muncyma01
5,Corey Seager*,26,LAD,NLWS,18,80,67,20,22,4,0,8,20,2,0,11,12,.328,.425,.746,1.171,50,1,1,0,1,0,*6,NLCS MVPWS MVP,seageco01
6,Justin Turner,35,LAD,NLWS,18,78,68,15,17,6,0,3,6,0,0,7,15,.250,.333,.471,.804,32,1,2,0,1,0,*5/D,,turneju01
7,Cody Bellinger*,24,LAD,NLWS,18,76,66,7,14,0,2,4,13,1,0,10,20,.212,.316,.455,.770,30,0,0,0,0,2,*8/D,,bellico01
8,Will Smith,25,LAD,NLWS,18,75,69,7,14,4,0,2,13,0,0,6,24,.203,.267,.348,.614,24,0,0,0,0,1,2/DH,,smithwi05
9,Willy Adames,24,TBR,ALWS,20,73,59,3,8,4,0,0,4,1,1,13,25,.136,.301,.203,.505,12,1,1,0,0,0,*6,,adamewi01
10,Manuel Margot,25,TBR,ALWS,19,65,58,10,16,1,0,5,11,2,1,5,19,.276,.344,.552,.895,32,0,1,1,0,0,*9/78,,margoma01
11,Chris Taylor,29,LAD,NLWS,16,63,58,8,12,4,0,1,3,0,0,5,24,.207,.270,.328,.597,19,0,0,0,0,0,*47/8,,tayloch03
12,Joey Wendle*,30,TBR,ALWS,20,63,58,8,11,2,0,0,5,1,0,3,16,.190,.238,.224,.462,13,2,1,0,1,0,*5/H6,,wendljo01
13,Jose Altuve,30,HOU,AL,13,60,48,11,18,2,0,5,11,0,2,11,8,.375,.500,.729,1.229,35,1,1,0,0,0,*4,,altuvjo01
14,George Springer,30,HOU,AL,13,60,57,8,15,1,0,4,10,0,1,2,14,.263,.300,.491,.791,28,1,1,0,0,0,*8/9,,springe01
15,Michael Brantley*,33,HOU,AL,13,59,52,10,18,2,0,3,11,1,0,6,9,.346,.424,.558,.981,29,3,1,0,0,0,/D7,,brantmi02
16,Alex Bregman,26,HOU,AL,13,57,50,5,11,1,0,1,2,0,0,5,6,.220,.316,.300,.616,15,3,2,0,0,0,*5,,bregmal01
17,Kevin Kiermaier*,30,TBR,ALWS,18,57,55,8,14,5,0,3,7,0,1,1,17,.255,.281,.509,.790,28,0,1,0,0,0,*8/H,,kiermke01
18,Mike Zunino,29,TBR,ALWS,19,56,53,4,9,0,0,4,8,0,0,1,27,.170,.196,.396,.593,21,1,1,0,1,0,*2,,zuninmi01
19,Carlos Correa,25,HOU,AL,13,55,47,7,17,1,0,6,17,0,0,8,11,.362,.455,.766,1.221,36,3,0,0,0,1,*6,,correca01
20,Ronald Acuña Jr.,22,ATL,NL,12,54,46,10,10,4,0,1,3,3,0,7,17,.217,.333,.370,.703,17,1,1,0,0,0,*/98,,acunaro01
21,Freddie Freeman*,30,ATL,NL,12,53,43,9,12,3,0,2,7,0,0,8,6,.279,.415,.488,.903,21,0,2,0,0,1,*3,,freemfr01
22,Yuli Gurriel,36,HOU,AL,13,53,44,4,5,0,0,0,1,0,0,6,3,.114,.245,.114,.359,5,4,2,0,1,0,*3,,gourryu01
23,Austin Meadows*,25,TBR,ALWS,16,53,51,4,7,0,0,2,2,0,0,2,18,.137,.170,.255,.425,13,0,0,0,0,0,/9DH7,,meadoau01
24,Marcell Ozuna,29,ATL,NL,12,53,51,8,13,3,0,3,11,0,0,2,14,.255,.283,.490,.773,25,1,0,0,0,0,*D,,ozunama01
25,Kyle Tucker*,23,HOU,AL,13,53,49,4,15,0,0,1,6,0,0,2,8,.306,.327,.367,.694,18,1,0,0,1,0,*/79,,tuckeky01
26,Ozzie Albies#,23,ATL,NL,12,52,47,8,13,2,0,2,4,2,0,4,9,.277,.327,.447,.774,21,0,0,0,1,0,*4,,albieoz01
27,Jiman Choi*,29,TBR,ALWS,18,51,40,8,10,1,0,2,4,0,0,10,11,.250,.412,.425,.837,17,1,1,0,0,1,*3/HD,,choiji01
28,Dansby Swanson,26,ATL,NL,12,51,45,6,12,2,1,3,9,2,0,5,17,.267,.333,.556,.889,25,0,0,0,1,1,*6,,swansda01
29,Travis d'Arnaud,31,ATL,NL,12,50,42,4,12,2,0,2,10,0,0,7,12,.286,.380,.476,.856,20,1,0,0,1,0,*2,,darnatr01
30,Austin Riley,23,ATL,NL,12,49,45,4,8,0,0,1,4,0,0,3,18,.178,.245,.244,.489,11,0,1,0,0,1,*5/7,,rileyau01
31,Yandy Díaz,28,TBR,ALWS,13,47,36,3,7,0,1,0,1,0,0,11,10,.194,.383,.250,.633,9,0,0,0,0,0,/3D5H,,diazya01
32,AJ Pollock,32,LAD,NLWS,14,44,41,4,9,2,0,0,2,1,0,2,7,.220,.273,.268,.541,11,2,1,0,0,0,7/D8H,,polloaj01
33,Martín Maldonado,33,HOU,AL,13,41,35,6,6,2,0,1,1,0,0,4,18,.171,.275,.314,.589,11,0,1,1,0,0,*2,,maldoma01
34,Nick Markakis*,36,ATL,NL,11,38,37,2,8,2,1,0,0,0,0,1,13,.216,.237,.324,.561,12,0,0,0,0,0,*/79,,markani01
35,Josh Reddick*,33,HOU,AL,13,38,36,4,7,0,0,0,0,0,0,2,11,.194,.237,.194,.431,7,0,0,0,0,1,/9DH,,reddijo01
36,Joc Pederson*,28,LAD,NLWS,16,37,34,4,13,0,0,2,8,0,0,3,6,.382,.432,.559,.991,19,2,0,0,0,1,/7HD9,,pederjo01
37,DJ LeMahieu,31,NYY,AL,7,36,32,4,9,0,0,0,4,0,0,3,4,.281,.333,.281,.615,9,1,0,0,1,0,/*43,,lemahdj01
38,Aaron Judge,28,NYY,AL,7,35,30,3,4,0,0,3,5,0,0,4,10,.133,.229,.433,.662,13,1,0,0,1,0,*/9,,judgeaa01
39,Aaron Hicks#,30,NYY,AL,7,33,26,6,8,1,1,0,3,0,0,6,5,.308,.424,.423,.847,11,0,0,0,1,0,*/8,,hicksaa01
40,Kiké Hernández,28,LAD,NLWS,17,31,28,3,6,1,0,2,4,0,0,2,8,.214,.290,.464,.755,13,0,1,0,0,0,*4/HD6,,hernaen02
41,Tommy La Stella*,31,OAK,AL,7,31,27,5,8,1,0,1,2,0,0,2,3,.296,.367,.444,.811,12,1,1,0,0,0,/*4,,lasteto01
42,Marcus Semien,29,OAK,AL,7,31,27,6,11,1,0,2,4,0,0,4,1,.407,.484,.667,1.151,18,0,0,0,0,0,/*6,,semiema01
43,Giancarlo Stanton,30,NYY,AL,7,31,26,7,8,1,0,6,13,0,0,4,10,.308,.387,1.038,1.426,27,1,0,0,1,0,/*D,,stantmi03
44,Gio Urshela,28,NYY,AL,7,31,28,4,5,0,0,1,5,0,0,2,7,.179,.226,.286,.512,8,0,0,0,1,0,/*5,,urshegi01
45,Gleyber Torres,23,NYY,AL,7,30,23,5,10,0,0,2,5,2,0,7,6,.435,.567,.696,1.262,16,1,0,0,0,0,/*6,,torregl01
46,Austin Barnes,30,LAD,NLWS,10,29,25,4,8,0,0,1,3,0,1,3,5,.320,.393,.440,.833,11,0,0,1,0,0,/2HD,,barneau01
47,Luke Voit,29,NYY,AL,7,29,25,5,5,3,0,1,2,0,0,4,7,.200,.310,.440,.750,11,0,0,0,0,0,/*3,,voitlu01
48,Mark Canha,31,OAK,AL,7,28,25,3,4,0,0,1,3,0,0,2,7,.160,.214,.280,.494,7,0,0,0,1,0,*/97,,canhama01
49,Matt Olson*,26,OAK,AL,7,28,23,4,3,0,0,2,3,0,0,5,10,.130,.286,.391,.677,9,1,0,0,0,0,/*3,,olsonma02
50,Mike Brosseau,26,TBR,ALWS,14,27,24,2,6,0,0,1,2,0,0,2,11,.250,.333,.375,.708,9,1,1,0,0,0,/H354,,brossmi01
51,Trent Grisham*,23,SDP,NL,6,27,22,1,3,1,0,0,2,0,0,4,11,.136,.296,.182,.478,4,0,1,0,0,0,*/8,,grishtr01
52,Eric Hosmer*,30,SDP,NL,6,27,25,3,4,1,0,1,4,0,0,1,5,.160,.185,.320,.505,8,1,0,0,1,0,/*3,,hosmeer01
53,Ramón Laureano,25,OAK,AL,7,27,26,4,5,1,0,2,5,0,0,1,7,.192,.222,.462,.684,12,1,0,0,0,0,*/8,,laurera01
54,Manny Machado,27,SDP,NL,6,27,26,3,4,0,0,2,2,0,0,1,4,.154,.185,.385,.570,10,1,0,0,0,0,/*5,,machama01
55,Fernando Tatis Jr.,21,SDP,NL,6,27,22,5,7,2,0,2,5,1,1,5,7,.318,.444,.682,1.126,15,0,0,0,0,1,/*6,,tatisfe02
56,Wil Myers,29,SDP,NL,6,26,22,4,5,1,0,2,5,1,0,4,8,.227,.346,.545,.892,12,0,0,0,0,1,*/9,,myerswi01
57,Chad Pinder,28,OAK,AL,7,26,22,2,7,1,0,2,7,0,0,3,6,.318,.385,.636,1.021,14,1,0,0,1,1,/*5HD,,pindech01
58,Khris Davis,32,OAK,AL,6,25,24,3,6,0,0,3,4,0,0,0,10,.250,.280,.625,.905,15,0,1,0,0,0,/*D,,daviskh01
59,Sean Murphy,25,OAK,AL,7,25,22,4,5,0,0,2,4,0,0,2,4,.227,.280,.500,.780,11,0,0,0,1,0,/*2,,murphse01
60,Cristian Pache,21,ATL,NL,12,25,22,4,4,1,0,1,4,0,0,3,4,.182,.280,.364,.644,8,1,0,0,0,0,*/89H,,pachecr01
61,Tommy Pham,32,SDP,NL,6,25,24,2,9,2,0,0,1,3,0,1,5,.375,.400,.458,.858,11,1,0,0,0,0,/7D,,phamth01
62,Jake Cronenworth*,26,SDP,NL,6,24,18,5,7,0,1,1,3,1,0,4,5,.389,.542,.667,1.208,12,0,2,0,0,0,/*4,,croneja01
63,Brett Gardner*,36,NYY,AL,6,24,19,6,7,1,0,1,3,0,0,4,10,.368,.500,.579,1.079,11,0,1,0,0,0,*/7H,,gardnbr01
64,Hunter Renfroe,28,TBR,ALWS,12,24,23,2,4,1,0,2,7,0,0,1,11,.174,.208,.478,.687,11,0,0,0,0,0,/9HD3,,renfrhu01
65,Austin Nola,30,SDP,NL,6,23,17,2,2,0,0,0,3,0,0,4,7,.118,.261,.118,.379,2,0,0,0,2,0,/*2,,nolaau01
66,Jesús Aguilar,30,MIA,NL,5,22,21,1,4,1,0,1,2,0,0,0,7,.190,.227,.381,.608,8,1,1,0,0,0,/*D3,,aguilje01
67,Brian Anderson,27,MIA,NL,5,21,19,1,4,1,0,0,1,0,0,1,7,.211,.286,.263,.549,5,1,1,0,0,0,/*5,,anderbr06
68,Jon Berti,30,MIA,NL,5,21,17,1,3,0,0,0,0,2,0,2,5,.176,.333,.176,.510,3,0,2,0,0,0,/*49,,bertijo01
69,Garrett Cooper,29,MIA,NL,5,21,18,2,3,1,0,1,3,0,0,3,5,.167,.286,.389,.675,7,0,0,0,0,0,/*3D,,coopega03
70,Corey Dickerson*,31,MIA,NL,5,21,19,1,4,0,0,1,3,0,0,2,5,.211,.286,.368,.654,7,0,0,0,0,0,*/7,,dickeco01
71,Adam Duvall,31,ATL,NL,6,21,20,1,2,1,0,1,3,0,0,1,11,.100,.143,.300,.443,6,0,0,0,0,0,/7,,duvalad01
72,Robbie Grossman#,30,OAK,AL,6,20,17,3,3,2,0,0,0,0,0,3,4,.176,.300,.294,.594,5,0,0,0,0,0,*/7H,,grossro01
73,Miguel Rojas,31,MIA,NL,5,20,18,2,3,0,0,1,1,0,0,1,3,.167,.250,.333,.583,6,0,1,0,0,1,/*6,,rojasmi02
74,Kyle Higashioka,30,NYY,AL,5,19,18,2,5,0,0,1,2,0,0,1,3,.278,.316,.444,.760,8,0,0,0,0,0,/*2,,higasky01
75,Aledmys Díaz,29,HOU,AL,8,18,17,3,6,0,0,1,2,0,0,1,5,.353,.389,.529,.918,9,0,0,0,0,0,/DH57,,diazal02
76,Edwin Ríos*,26,LAD,NLWS,7,18,14,2,2,0,0,2,3,0,0,3,8,.143,.278,.571,.849,8,0,0,0,1,0,/DH5,,riosed01
77,Yoshi Tsutsugo*,28,TBR,ALWS,8,16,16,0,2,0,0,0,0,0,0,0,3,.125,.125,.125,.250,2,1,0,0,0,0,/HD,,tsutsyo01
78,Jurickson Profar#,27,SDP,NL,6,15,15,1,4,0,0,0,0,0,0,0,2,.267,.267,.267,.533,4,0,0,0,0,0,*/7DH,,profaju01
79,Kolten Wong*,29,STL,NL,3,15,14,1,3,1,0,1,4,0,0,0,0,.214,.200,.500,.700,7,0,0,0,1,0,/*4,,wongko01
80,José Abreu,33,CHW,AL,3,14,14,1,4,1,0,1,2,0,0,0,1,.286,.286,.571,.857,8,1,0,0,0,0,/*3,,abreujo02
81,Tim Anderson,27,CHW,AL,3,14,14,2,9,2,0,0,0,0,0,0,0,.643,.643,.786,1.429,11,0,0,0,0,0,/*6,,anderti01
82,Dylan Carlson#,21,STL,NL,3,14,9,2,3,1,0,0,0,1,0,4,3,.333,.571,.444,1.016,4,0,1,0,0,0,*/78,,carlsdy01
83,Matt Carpenter*,34,STL,NL,3,14,9,3,2,1,0,0,2,0,0,3,4,.222,.429,.333,.762,3,0,1,0,1,0,/*D,,carpema01
84,Paul DeJong,26,STL,NL,3,14,10,2,2,1,0,0,1,0,0,3,2,.200,.429,.300,.729,3,0,1,0,0,0,/*6,,dejonpa01
85,Tommy Edman#,25,STL,NL,3,14,14,2,3,0,0,0,0,0,0,0,3,.214,.214,.214,.429,3,0,0,0,0,0,/*5,,edmanto01
86,Dexter Fowler#,34,STL,NL,3,14,14,1,4,1,0,0,2,0,0,0,4,.286,.286,.357,.643,5,0,0,0,0,0,*/9,,fowlede01
87,Paul Goldschmidt,32,STL,NL,3,14,13,2,3,1,0,2,3,0,0,1,2,.231,.286,.769,1.055,10,0,0,0,0,0,/*3,,goldspa01
88,Yasmani Grandal#,31,CHW,AL,3,14,10,2,2,0,0,2,4,0,0,4,3,.200,.429,.800,1.229,8,0,0,0,0,0,/2D,,grandya01
89,Yadier Molina,37,STL,NL,3,14,13,2,6,2,0,0,2,0,0,1,1,.462,.500,.615,1.115,8,0,0,0,0,0,/*2,,molinya01
90,Yoán Moncada#,25,CHW,AL,3,14,13,1,1,0,0,0,0,1,0,1,4,.077,.143,.077,.220,1,0,0,0,0,0,/*5,,moncayo01
91,Chad Wallach,28,MIA,NL,5,14,14,1,1,0,0,0,0,0,0,0,6,.071,.071,.071,.143,1,1,0,0,0,0,/*2,,wallach01
92,Matt Joyce*,35,MIA,NL,5,13,11,0,2,1,0,0,1,0,0,2,3,.182,.308,.273,.580,3,0,0,0,0,0,*/9H,,joycema01
93,Luis Robert Jr.,22,CHW,AL,3,13,13,2,4,0,0,1,2,0,0,0,4,.308,.308,.538,.846,7,0,0,0,0,0,*/8,,roberlu01
94,Adam Engel,28,CHW,AL,3,12,12,1,3,1,0,1,1,0,0,0,5,.250,.250,.583,.833,7,0,0,0,0,0,*/97,,engelad01
95,Nick Madrigal,23,CHW,AL,3,12,12,1,3,0,0,0,0,0,0,0,0,.250,.250,.250,.500,3,0,0,0,0,0,/*4,,madrini01
96,Harrison Bader,26,STL,NL,3,11,9,1,1,0,0,0,2,0,0,0,7,.111,.182,.111,.293,1,0,1,0,1,0,*/8,,baderha01
97,Magneuris Sierra*,24,MIA,NL,5,11,11,1,3,1,0,0,1,0,0,0,4,.273,.273,.364,.636,4,0,0,0,0,0,*/87,,sierrma01
98,Johan Camargo#,26,ATL,NL,4,10,8,0,2,1,0,0,1,0,0,2,3,.250,.400,.375,.775,3,0,0,0,0,0,/5H,,camarjo01
99,Nick Castellanos,28,CIN,NL,2,10,10,0,3,1,0,0,0,0,0,0,4,.300,.300,.400,.700,4,0,0,0,0,0,*/9,,casteni01
100,Eugenio Suárez,28,CIN,NL,2,10,9,0,2,0,0,0,0,0,0,1,4,.222,.300,.222,.522,2,0,0,0,0,0,/*5,,suareeu01
101,Joey Votto*,36,CIN,NL,2,10,9,0,2,0,0,0,0,0,0,1,3,.222,.300,.222,.522,2,0,0,0,0,1,/*3,,vottojo01
102,César Hernández#,30,CLE,AL,2,9,8,2,3,1,0,0,1,0,0,1,3,.375,.444,.500,.944,4,0,0,0,0,0,/*4,,hernace02
103,Francisco Lindor#,26,CLE,AL,2,9,8,1,1,1,0,0,0,0,0,1,3,.125,.222,.250,.472,2,1,0,0,0,0,/*6,,lindofr01
104,Mike Moustakas*,31,CIN,NL,2,9,8,0,0,0,0,0,0,0,0,1,2,.000,.111,.000,.111,0,0,0,0,0,0,/*4,,moustmi01
105,José Ramírez#,27,CLE,AL,2,9,7,1,3,3,0,0,4,0,0,2,1,.429,.556,.857,1.413,6,0,0,0,0,0,/*5,,ramirjo01
106,Franmil Reyes,24,CLE,AL,2,9,7,2,0,0,0,0,0,0,0,2,5,.000,.222,.000,.222,0,0,0,0,0,0,/*D,,reyesfr01
107,Gary Sánchez,27,NYY,AL,3,9,8,1,1,0,0,1,3,0,0,0,4,.125,.111,.500,.611,4,0,0,0,1,0,/2,,sanchga02
108,Carlos Santana#,34,CLE,AL,2,9,8,1,0,0,0,0,0,0,0,1,3,.000,.111,.000,.111,0,1,0,0,0,0,/*3,,santaca01
109,Christian Yelich*,28,MIL,NL,2,9,9,0,2,1,0,0,0,0,0,0,4,.222,.222,.333,.556,3,0,0,0,0,0,*/7,,yelicch01
110,Luis Arraez*,23,MIN,AL,2,8,6,0,0,0,0,0,0,0,0,2,1,.000,.250,.000,.250,0,0,0,0,0,0,/*4,,arraelu01
111,Javier Báez,27,CHC,NL,2,8,8,0,1,0,0,0,0,0,0,0,3,.125,.125,.125,.250,1,0,0,0,0,0,/*6,,baezja01
112,Bo Bichette,22,TOR,AL,2,8,6,0,0,0,0,0,1,0,0,1,1,.000,.125,.000,.125,0,0,0,0,1,0,/*6,,bichebo01
113,Cavan Biggio*,25,TOR,AL,2,8,8,0,1,1,0,0,0,0,0,0,6,.125,.125,.250,.375,2,0,0,0,0,0,/*5,,biggica01
114,Kris Bryant,28,CHC,NL,2,8,8,0,0,0,0,0,0,0,0,0,2,.000,.000,.000,.000,0,0,0,0,0,0,/*5,,bryankr01
115,Willson Contreras,28,CHC,NL,2,8,4,0,1,1,0,0,0,0,0,1,0,.250,.625,.500,1.125,2,0,3,0,0,0,/*2D,,contrwi01
116,Nelson Cruz,39,MIN,AL,2,8,6,0,2,2,0,0,2,0,0,2,1,.333,.500,.667,1.167,4,0,0,0,0,0,/*D,,cruzne02
117,Delino DeShields,27,CLE,AL,2,8,7,2,2,0,0,0,0,0,0,1,2,.286,.375,.286,.661,2,0,0,0,0,0,*/8,,deshide02
118,Avisaíl García,29,MIL,NL,2,8,8,0,4,0,0,0,0,0,0,0,3,.500,.500,.500,1.000,4,0,0,0,0,0,*/8,,garciav01
119,Randal Grichuk,28,TOR,AL,2,8,7,0,1,0,0,0,0,0,0,1,5,.143,.250,.143,.393,1,0,0,0,0,0,*/8,,grichra01
120,Vladimir Guerrero Jr.,21,TOR,AL,2,8,7,0,1,0,0,0,0,0,0,0,4,.143,.250,.143,.393,1,0,1,0,0,0,/3D,,guerrvl02
121,Lourdes Gurriel Jr.,26,TOR,AL,2,8,8,0,2,1,0,0,0,0,0,0,1,.250,.250,.375,.625,3,0,0,0,0,0,*/7,,gurrilo01
122,Ian Happ#,25,CHC,NL,2,8,8,1,4,0,0,1,1,0,0,0,1,.500,.500,.875,1.375,7,0,0,0,0,0,*/87,,happia01
123,Teoscar Hernández,27,TOR,AL,2,8,7,0,1,0,0,0,0,0,0,1,4,.143,.250,.143,.393,1,0,0,0,0,0,*/9,,hernate01
124,Jason Heyward*,30,CHC,NL,2,8,7,0,2,1,0,0,0,0,0,0,1,.286,.375,.429,.804,3,0,1,0,0,0,*/9,,heywaja01
125,Max Kepler*,27,MIN,AL,2,8,5,1,0,0,0,0,0,0,0,3,1,.000,.375,.000,.375,0,0,0,0,0,0,*/89,,keplema01
126,Mitch Moreland*,34,SDP,NL,4,8,8,2,4,1,0,0,1,0,0,0,2,.500,.500,.625,1.125,5,0,0,0,0,0,/DH,,morelmi01
127,Tyler Naquin*,29,CLE,AL,2,8,8,0,1,0,0,0,1,0,0,0,4,.125,.125,.125,.250,1,0,0,0,0,0,*/9,,naquity01
128,Jorge Polanco#,26,MIN,AL,2,8,7,0,1,0,0,0,0,0,0,1,2,.143,.250,.143,.393,1,0,0,0,0,0,/*6,,polanjo01
129,Anthony Rizzo*,30,CHC,NL,2,8,8,0,0,0,0,0,0,0,0,0,3,.000,.000,.000,.000,0,0,0,0,0,0,/*3,,rizzoan01
130,Miguel Sanó,27,MIN,AL,2,8,7,0,1,0,0,0,0,0,0,1,1,.143,.250,.143,.393,1,0,0,0,0,0,/*3,,sanomi01
131,Jesse Winker*,26,CIN,NL,2,8,6,0,1,0,0,0,0,0,0,1,2,.167,.375,.167,.542,1,0,1,0,0,0,/*D,,winkeje01
132,Orlando Arcia,25,MIL,NL,2,7,7,1,1,0,0,1,2,0,0,0,4,.143,.143,.571,.714,4,0,0,0,0,0,/*6,,arciaor01
133,Clint Frazier,25,NYY,AL,4,7,7,1,2,0,0,1,1,0,0,0,5,.286,.286,.714,1.000,5,0,0,0,0,0,/7H,,frazicl01
134,Jedd Gyorko,31,MIL,NL,2,7,7,0,1,0,0,0,0,0,0,0,3,.143,.143,.143,.286,1,0,0,0,0,0,/*3,,gyorkje01
135,Keston Hiura,23,MIL,NL,2,7,6,0,1,0,0,0,0,0,0,1,2,.167,.286,.167,.452,1,0,0,0,0,0,/*4,,hiurake01
136,Jake Lamb*,29,OAK,AL,4,7,7,0,1,0,0,0,0,0,0,0,1,.143,.143,.143,.286,1,1,0,0,0,0,/5H,,lambja01
137,Nomar Mazara*,25,CHW,AL,2,7,6,0,3,1,0,0,2,0,0,1,3,.500,.571,.667,1.238,4,0,0,0,0,0,/9DH,,mazarno01
138,James McCann,30,CHW,AL,2,7,6,1,1,0,0,0,0,0,0,0,3,.167,.286,.167,.452,1,0,1,0,0,0,/2DH,,mccanja02
139,Josh Naylor*,23,CLE,AL,2,7,7,3,5,3,0,1,3,0,0,0,0,.714,.714,1.571,2.286,11,0,0,0,0,0,*/7,,naylojo01
140,Michael Pérez*,27,TBR,ALWS,8,7,7,1,2,0,0,1,3,0,0,0,2,.286,.286,.714,1.000,5,0,0,0,0,0,/2,,perezmi03
141,Roberto Pérez,31,CLE,AL,2,7,6,0,2,0,0,0,1,0,0,0,2,.333,.429,.333,.762,2,0,1,0,0,0,/*2,,perezro02
142,Stephen Piscotty,29,OAK,AL,3,7,7,0,1,0,0,0,0,0,0,0,1,.143,.143,.143,.286,1,1,0,0,0,0,/9,,piscost01
143,Eddie Rosario*,28,MIN,AL,2,7,7,0,0,0,0,0,0,0,0,0,1,.000,.000,.000,.000,0,0,0,0,0,0,*/7,,rosared01
144,Kyle Schwarber*,27,CHC,NL,2,7,4,0,0,0,0,0,0,0,0,3,1,.000,.429,.000,.429,0,0,0,0,0,0,*/7,,schwaky01
145,Nick Senzel,25,CIN,NL,2,7,7,0,2,0,0,0,0,0,0,0,2,.286,.286,.286,.571,2,0,0,0,0,0,*/8,,senzeni01
146,Aristides Aquino,26,CIN,NL,1,6,6,0,2,0,0,0,0,0,1,0,2,.333,.333,.333,.667,2,0,0,0,0,0,/7,,aquinar01
147,Lewis Brinson,26,MIA,NL,5,6,6,1,0,0,0,0,0,0,0,0,2,.000,.000,.000,.000,0,0,0,0,0,0,*/9H8,,brinsle01
148,Victor Caratini#,26,CHC,NL,2,6,6,0,1,0,0,0,0,0,0,0,1,.167,.167,.167,.333,1,0,0,0,0,0,/2D,,caratvi01
149,Leury García#,29,CHW,AL,2,6,6,0,0,0,0,0,0,0,0,0,3,.000,.000,.000,.000,0,0,0,0,0,0,/7,,garcile02
150,Marwin González#,31,MIN,AL,2,6,5,1,1,0,0,0,0,0,0,1,0,.200,.333,.200,.533,1,0,0,0,0,0,/*5,,gonzama01
151,Joe Panik*,29,TOR,AL,2,6,6,0,1,0,0,0,0,0,0,0,0,.167,.167,.167,.333,1,0,0,0,0,0,/*4H,,panikjo01
152,Shogo Akiyama*,32,CIN,NL,2,5,5,0,0,0,0,0,0,0,0,0,2,.000,.000,.000,.000,0,0,0,0,0,0,*/78H,,akiyash01
153,Tucker Barnhart*,29,CIN,NL,2,5,5,0,0,0,0,0,0,0,0,0,3,.000,.000,.000,.000,0,0,0,0,0,0,/*2,,barnhtu01
154,Kyle Farmer,29,CIN,NL,1,5,5,0,0,0,0,0,0,0,0,0,2,.000,.000,.000,.000,0,0,0,0,0,0,/6,,farmeky01
155,Danny Jansen,25,TOR,AL,2,5,5,2,2,0,0,2,2,0,0,0,0,.400,.400,1.600,2.000,8,0,0,0,0,0,/*2,,janseda01
156,Ryan Jeffers,23,MIN,AL,2,5,5,0,0,0,0,0,0,0,0,0,2,.000,.000,.000,.000,0,0,0,0,0,0,/*2,,jeffery01
157,Starling Marte,31,MIA,NL,1,5,4,1,2,1,0,0,0,0,0,0,0,.500,.600,.750,1.350,3,0,1,0,0,0,/8,,martest01
158,Tyrone Taylor,26,MIL,NL,2,5,5,0,0,0,0,0,0,0,0,0,3,.000,.000,.000,.000,0,0,0,0,0,0,*/9H,,tayloty01
159,Daniel Vogelbach*,27,MIL,NL,2,5,5,1,1,1,0,0,0,0,0,0,2,.200,.200,.400,.600,2,0,0,0,0,0,/DH,,vogelda01
160,David Bote,27,CHC,NL,1,4,4,0,0,0,0,0,0,0,0,0,2,.000,.000,.000,.000,0,0,0,0,0,0,/4,,boteda01
161,Byron Buxton,26,MIN,AL,2,4,4,0,1,0,0,0,0,1,1,0,3,.250,.250,.250,.500,1,0,0,0,0,0,/8DH,,buxtoby01
162,Jazz Chisholm Jr.*,22,MIA,NL,1,4,3,0,1,1,0,0,0,0,0,1,0,.333,.500,.667,1.167,2,0,0,0,0,0,/4,,chishja01
163,Freddy Galvis#,30,CIN,NL,2,4,3,0,1,0,0,0,0,0,0,1,1,.333,.500,.333,.833,1,0,0,0,0,0,/6H,,galvifr01
164,Jason Kipnis*,33,CHC,NL,2,4,3,0,0,0,0,0,0,0,0,1,1,.000,.250,.000,.250,0,0,0,0,0,0,/4H,,kipnija01
165,Alex Kirilloff*,,MIN,AL,1,4,4,0,1,0,0,0,0,0,0,0,0,.250,.250,.250,.500,1,0,0,0,0,0,/9,,kirilal01
166,Jacob Nottingham,25,MIL,NL,2,4,4,0,0,0,0,0,0,0,0,0,3,.000,.000,.000,.000,0,0,0,0,0,0,/*2H,,nottija01
167,Pablo Sandoval#,33,ATL,NL,3,4,3,0,0,0,0,0,0,0,0,0,2,.000,.250,.000,.250,0,0,1,0,0,0,/H35,,sandopa01
168,Travis Shaw*,30,TOR,AL,1,4,4,0,1,0,0,0,0,0,0,0,1,.250,.250,.250,.500,1,0,0,0,0,0,/3,,shawtr01
169,Eric Sogard*,34,MIL,NL,1,4,3,0,0,0,0,0,0,0,0,1,0,.000,.250,.000,.250,0,0,0,0,0,0,/5,,sogarer01
170,Jorge Alfaro,27,MIA,NL,2,3,3,0,0,0,0,0,0,0,0,0,1,.000,.000,.000,.000,0,0,0,0,0,0,/2H,,alfarjo01
171,Matt Beaty*,27,LAD,NL,2,3,0,0,0,0,0,0,0,0,0,1,0,,1.000,,,0,0,2,0,0,0,/37H,,beatyma01
172,Charlie Culberson,31,ATL,NL,3,3,3,0,2,0,0,0,0,0,0,0,1,.667,.667,.667,1.333,2,0,0,0,0,0,/H9,,culbech01
173,Tyler Flowers,34,ATL,NL,2,3,3,1,1,0,0,0,0,0,0,0,0,.333,.333,.333,.667,1,0,0,0,0,0,/2H,,flowety01
174,Ryon Healy,28,MIL,NL,1,3,3,0,0,0,0,0,0,0,0,0,0,.000,.000,.000,.000,0,0,0,0,0,0,/D,,healyry01
175,Alejandro Kirk,21,TOR,AL,1,3,3,0,1,0,0,0,0,0,0,0,0,.333,.333,.333,.667,1,0,0,0,0,0,/D,,kirkal01
176,Nathaniel Lowe*,24,TBR,AL,1,3,3,0,0,0,0,0,0,0,0,0,2,.000,.000,.000,.000,0,0,0,0,0,0,/3,,lowena01
177,Brett Phillips*,26,TBR,ALWS,7,3,3,0,1,0,0,0,1,0,0,0,1,.333,.333,.333,.667,1,0,0,0,0,0,/9H7,,phillbr02
178,Luis Urías,23,MIL,NL,1,3,2,0,1,0,0,0,0,0,0,1,0,.500,.667,.500,1.167,1,0,0,0,0,0,/5,,uriaslu01
179,Ryan Braun,36,MIL,NL,1,2,2,0,0,0,0,0,0,0,0,0,2,.000,.000,.000,.000,0,0,0,0,0,0,/9,,braunry02
180,Curt Casali,31,CIN,NL,2,2,2,0,0,0,0,0,0,0,0,0,1,.000,.000,.000,.000,0,0,0,0,0,0,/*2,,casalcu01
181,Edwin Encarnación,37,CHW,AL,1,2,2,0,0,0,0,0,0,0,0,0,1,.000,.000,.000,.000,0,0,0,0,0,0,/D,,encared01
182,Mike Ford*,27,NYY,AL,3,2,2,0,0,0,0,0,0,0,0,0,1,.000,.000,.000,.000,0,0,0,0,0,0,/H3,,fordmi01
183,Dustin Garneau,32,HOU,AL,2,2,2,0,0,0,0,0,0,0,0,0,2,.000,.000,.000,.000,0,0,0,0,0,0,/2,,garnedu01
184,Eloy Jiménez,23,CHW,AL,1,2,2,0,1,1,0,0,0,0,0,0,0,.500,.500,1.000,1.500,2,0,0,0,0,0,/D,,jimenel02
185,Jordan Luplow,26,CLE,AL,1,2,2,0,1,1,0,0,2,0,0,0,0,.500,.500,1.000,1.500,2,0,0,0,0,0,/7H,,luplojo01
186,Cameron Maybin,33,CHC,NL,2,2,2,0,0,0,0,0,0,0,0,0,1,.000,.000,.000,.000,0,0,0,0,0,0,/*H7,,maybica01
187,Jonathan Villar#,29,TOR,AL,1,2,2,0,0,0,0,0,0,0,0,0,1,.000,.000,.000,.000,0,1,0,0,0,0,/4,,villajo01
188,Willians Astudillo,28,MIN,AL,1,1,1,0,0,0,0,0,0,0,0,0,0,.000,.000,.000,.000,0,1,0,0,0,0,/H,,astudwi01
189,José Barrero,22,CIN,NL,1,1,1,0,0,0,0,0,0,0,0,0,0,.000,.000,.000,.000,0,0,0,0,0,0,/DH,,garcijo02
190,Luis Campusano,21,SDP,NL,1,1,1,0,0,0,0,0,0,0,0,0,1,.000,.000,.000,.000,0,0,0,0,0,0,/DH,,campulu01
191,Jason Castro*,33,SDP,NL,1,1,1,0,0,0,0,0,0,0,0,0,0,.000,.000,.000,.000,0,0,0,0,0,0,/2,,castrja01
192,Jake Cave*,27,MIN,AL,1,1,1,0,0,0,0,0,0,0,0,0,1,.000,.000,.000,.000,0,0,0,0,0,0,/7,,caveja01
193,Zack Collins*,25,CHW,AL,1,1,1,0,0,0,0,0,0,0,0,0,1,.000,.000,.000,.000,0,0,0,0,0,0,/H,,colliza01
194,Austin Dean,26,STL,NL,1,1,1,0,0,0,0,0,0,0,0,0,1,.000,.000,.000,.000,0,0,0,0,0,0,/H,,deanau01
195,Jarrod Dyson*,35,CHW,AL,2,1,1,0,0,0,0,0,0,0,0,0,1,.000,.000,.000,.000,0,0,0,0,0,0,/7H,,dysonja01
196,David Freitas,,MIL,NL,1,1,1,0,0,0,0,0,0,0,0,0,1,.000,.000,.000,.000,0,0,0,0,0,0,/2H,,freitda01
197,Ben Gamel*,28,MIL,NL,1,1,1,0,0,0,0,0,0,0,0,0,0,.000,.000,.000,.000,0,0,0,0,0,0,/DH,,gamelbe01
198,Mitch Garver,29,MIN,AL,1,1,1,0,0,0,0,0,0,0,0,0,1,.000,.000,.000,.000,0,0,0,0,0,0,/H,,garvemi01
199,Brian Goodwin*,29,CIN,NL,2,1,1,0,0,0,0,0,0,0,0,0,0,.000,.000,.000,.000,0,0,0,0,0,0,*/78H,,goodwbr01
200,Austin Hedges,27,CLE,AL,1,1,1,0,0,0,0,0,0,0,0,0,1,.000,.000,.000,.000,0,0,0,0,0,0,/H,,hedgeau01
201,Sandy León#,31,CLE,AL,2,1,1,0,0,0,0,0,0,0,0,0,0,.000,.000,.000,.000,0,0,0,0,0,0,/*2,,leonsa01
202,Gavin Lux*,22,LAD,NL,1,1,1,0,0,0,0,0,0,0,0,0,1,.000,.000,.000,.000,0,0,0,0,0,0,/H,,luxga01
203,Óscar Mercado,25,CLE,AL,1,1,1,0,0,0,0,0,0,0,0,0,1,.000,.000,.000,.000,0,0,0,0,0,0,/H,,mercaos01
204,Brad Miller*,30,STL,NL,1,1,1,0,0,0,0,0,0,0,0,0,0,.000,.000,.000,.000,0,0,0,0,0,0,/H,,millebr02
205,Omar Narváez*,28,MIL,NL,2,1,1,0,0,0,0,0,0,0,0,0,1,.000,.000,.000,.000,0,0,0,0,0,0,/*2,,narvaom01
206,Jace Peterson*,30,MIL,NL,1,1,0,0,0,0,0,0,0,0,0,1,0,,1.000,,,0,0,0,0,0,0,/H,,peterja01
207,Rowdy Tellez*,25,TOR,AL,1,1,1,1,1,0,0,0,0,0,0,0,0,1.000,1.000,1.000,2.000,1,0,0,0,0,0,/H,,tellero01
208,Abraham Toro#,23,HOU,AL,1,1,0,0,0,0,0,0,0,0,0,1,0,,1.000,,,0,0,0,0,0,0,/H,,toroab01
209,Tyler Wade*,25,NYY,AL,4,1,0,1,0,0,0,0,0,0,0,1,0,,1.000,,,0,0,0,0,0,0,/4H,,wadety01
210,Austin Adams,29,SDP,NL,4,0,0,0,0,0,0,0,0,0,0,0,0,,,,,0,0,0,0,0,0,/1,,adamsau02
211,Sandy Alcantara,24,MIA,NL,2,0,0,0,0,0,0,0,0,0,0,0,0,,,,,0,0,0,0,0,0,/1,,alcansa01
212,Greg Allen#,27,SDP,NL,1,0,0,0,0,0,0,0,0,0,0,0,0,,,,,0,,0,0,,,/7,,allengr01
213,Dan Altavilla,27,SDP,NL,2,0,0,0,0,0,0,0,0,0,0,0,0,,,,,0,0,0,0,0,0,/1,,altavda01
214,José Alvarado*,25,TBR,AL,2,0,0,0,0,0,0,0,0,0,0,0,0,,,,,0,0,0,0,0,0,/1,,alvarjo03
215,Ian Anderson,22,ATL,NL,4,0,0,0,0,0,0,0,0,0,0,0,0,,,,,0,0,0,0,0,0,/1,,anderia01
216,Nick Anderson,29,TBR,ALWS,10,0,0,0,0,0,0,0,0,0,0,0,0,,,,,0,0,0,0,0,0,1,,anderni01
217,Alex Avila*,33,MIN,AL,1,0,0,0,0,0,0,0,0,0,0,0,0,,,,,0,,0,0,,,/2,,avilaal01
218,Pedro Báez,32,LAD,NLWS,8,0,0,0,0,0,0,0,0,0,0,0,0,,,,,0,0,0,0,0,0,/1,,baezpe01
219,Anthony Bass,32,TOR,AL,1,0,0,0,0,0,0,0,0,0,0,0,0,,,,,0,0,0,0,0,0,/1,,bassan01
220,Chris Bassitt,31,OAK,AL,2,0,0,0,0,0,0,0,0,0,0,0,0,,,,,0,0,0,0,0,0,/1,,bassich01
221,Trevor Bauer,29,CIN,NL,1,0,0,0,0,0,0,0,0,0,0,0,0,,,,,0,0,0,0,0,0,/1,,bauertr01
222,José Berríos,26,MIN,AL,1,0,0,0,0,0,0,0,0,0,0,0,0,,,,,0,0,0,0,0,0,/1,,berrijo01
223,Shane Bieber,25,CLE,AL,1,0,0,0,0,0,0,0,0,0,0,0,0,,,,,0,0,0,0,0,0,/1,,biebesh01
224,Richard Bleier*,33,MIA,NL,3,0,0,0,0,0,0,0,0,0,0,0,0,,,,,0,0,0,0,0,0,/1,,bleieri01
225,Ryan Borucki*,26,TOR,AL,1,0,0,0,0,0,0,0,0,0,0,0,0,,,,,0,0,0,0,0,0,/1,,borucry01
226,Brad Boxberger,32,MIA,NL,3,0,0,0,0,0,0,0,0,0,0,0,0,,,,,0,0,0,0,0,0,/1,,boxbebr01
227,Archie Bradley,27,CIN,NL,1,0,0,0,0,0,0,0,0,0,0,0,0,,,,,0,0,0,0,0,0,/1,,bradlar01
228,Zack Britton*,32,NYY,AL,4,0,0,0,0,0,0,0,0,0,0,0,0,,,,,0,0,0,0,0,0,/1,,brittza01
229,Walker Buehler,25,LAD,NLWS,5,0,0,0,0,0,0,0,0,0,0,0,0,,,,,0,0,0,0,0,0,/1,,buehlwa01
230,Aaron Bummer*,26,CHW,AL,2,0,0,0,0,0,0,0,0,0,0,0,0,,,,,0,0,0,0,0,0,/1,,bummeaa01
231,Génesis Cabrera*,23,STL,NL,2,0,0,0,0,0,0,0,0,0,0,0,0,,,,,0,0,0,0,0,0,/1,,cabrege01
232,Carlos Carrasco,33,CLE,AL,1,0,0,0,0,0,0,0,0,0,0,0,0,,,,,0,0,0,0,0,0,/1,,carraca01
233,Diego Castillo,26,TBR,ALWS,10,0,0,0,0,0,0,0,0,0,0,0,0,,,,,0,0,0,0,0,0,1,,castidi01
234,Luis Castillo,27,CIN,NL,1,0,0,0,0,0,0,0,0,0,0,0,0,,,,,0,0,0,0,0,0,/1,,castilu02
235,Dylan Cease,24,CHW,AL,1,0,0,0,0,0,0,0,0,0,0,0,0,,,,,0,0,0,0,0,0,/1,,ceasedy01
236,Luis Cessa,28,NYY,AL,3,0,0,0,0,0,0,0,0,0,0,0,0,,,,,0,0,0,0,0,0,/1,,cessalu01
237,Andrew Chafin,30,CHC,NL,1,0,0,0,0,0,0,0,0,0,0,0,0,,,,,0,0,0,0,0,0,/1,,chafian01
238,Aroldis Chapman*,32,NYY,AL,3,0,0,0,0,0,0,0,0,0,0,0,0,,,,,0,0,0,0,0,0,/1,,chapmar01
239,Adam Cimber,29,CLE,AL,1,0,0,0,0,0,0,0,0,0,0,0,0,,,,,0,0,0,0,0,0,/1,,cimbead01
240,Mike Clevinger,29,SDP,NL,1,0,0,0,0,0,0,0,0,0,0,0,0,,,,,0,0,0,0,0,0,/1,,clevimi01
241,A.J. Cole,28,TOR,AL,1,0,0,0,0,0,0,0,0,0,0,0,0,,,,,0,0,0,0,0,0,/1,,coleaj01
242,Gerrit Cole,29,NYY,AL,3,0,0,0,0,0,0,0,0,0,0,0,0,,,,,0,0,0,0,0,0,/1,,colege01
243,Alex Colomé,31,CHW,AL,2,0,0,0,0,0,0,0,0,0,0,0,0,,,,,0,,0,0,,,/1,,colomal01
244,Jimmy Cordero,28,CHW,AL,2,0,0,0,0,0,0,0,0,0,0,0,0,,,,,0,0,0,0,0,0,/1,,cordeji01
245,Garrett Crochet*,21,CHW,AL,1,0,0,0,0,0,0,0,0,0,0,0,0,,,,,0,0,0,0,0,0,/1,,crochga01
246,John Curtiss,27,TBR,ALWS,9,0,0,0,0,0,0,0,0,0,0,0,0,,,,,0,0,0,0,0,0,/1,,curtijo02
247,Yu Darvish,33,CHC,NL,1,0,0,0,0,0,0,0,0,0,0,0,0,,,,,0,0,0,0,0,0,/1,,darviyu01
248,Matt Davidson,29,CIN,NL,1,0,0,0,0,0,0,0,0,0,0,0,0,,,,,0,,0,0,,,/H,,davidma02
249,Zach Davies,27,SDP,NL,2,0,0,0,0,0,0,0,0,0,0,0,0,,,,,0,0,0,0,0,0,/1,,davieza02
250,Grant Dayton*,32,ATL,NL,1,0,0,0,0,0,0,0,0,0,0,0,0,,,,,0,0,0,0,0,0,/1,,daytogr01
251,Jake Diekman,33,OAK,AL,6,0,0,0,0,0,0,0,0,0,0,0,0,,,,,0,0,0,0,0,0,/*1,,diekmja01
252,Rafael Dolis,32,TOR,AL,1,0,0,0,0,0,0,0,0,0,0,0,0,,,,,0,0,0,0,0,0,/1,,dolisra01
253,Oliver Drake,33,TBR,AL,1,0,0,0,0,0,0,0,0,0,0,0,0,,,,,0,0,0,0,0,0,/1,,drakeol01
254,Tyler Duffey,29,MIN,AL,2,0,0,0,0,0,0,0,0,0,0,0,0,,,,,0,0,0,0,0,0,/*1,,duffety01
255,Dane Dunning,25,CHW,AL,1,0,0,0,0,0,0,0,0,0,0,0,0,,,,,0,0,0,0,0,0,/1,,dunnida01
256,Pete Fairbanks,26,TBR,ALWS,9,0,0,0,0,0,0,0,0,0,0,0,0,,,,,0,0,0,0,0,0,/1,,fairbpe01
257,Mike Fiers,35,OAK,AL,1,0,0,0,0,0,0,0,0,0,0,0,0,,,,,0,0,0,0,0,0,/1,,fiersmi01
258,Jack Flaherty,24,STL,NL,1,0,0,0,0,0,0,0,0,0,0,0,0,,,,,0,0,0,0,0,0,/1,,flaheja01
259,Josh Fleming*,24,TBR,ALWS,2,0,0,0,0,0,0,0,0,0,0,0,0,,,,,0,0,0,0,0,0,/1,,flemijo01
260,Dylan Floro*,29,LAD,NLWS,6,0,0,0,0,0,0,0,0,0,0,0,0,,,,,0,0,0,0,0,0,/1,,florody01
261,Matt Foster,25,CHW,AL,1,0,0,0,0,0,0,0,0,0,0,0,0,,,,,0,0,0,0,0,0,/1,,fostema01
262,Max Fried*,26,ATL,NL,4,0,0,0,0,0,0,0,0,0,0,0,0,,,,,0,0,0,0,0,0,/1,,friedma01
263,Giovanny Gallegos,28,STL,NL,2,0,0,0,0,0,0,0,0,0,0,0,0,,,,,0,0,0,0,0,0,/1,,gallegi01
264,Deivi García,21,NYY,AL,1,0,0,0,0,0,0,0,0,0,0,0,0,,,,,0,0,0,0,0,0,/1,,garcide01
265,Luis Garcia,23,HOU,AL,1,0,0,0,0,0,0,0,0,0,0,0,0,,,,,0,0,0,0,0,0,/1,,garcilu05
266,Yimi García,29,MIA,NL,4,0,0,0,0,0,0,0,0,0,0,0,0,,,,,0,0,0,0,0,0,/*1,,garciyi01
267,Amir Garrett,28,CIN,NL,1,0,0,0,0,0,0,0,0,0,0,0,0,,,,,0,0,0,0,0,0,/1,,garream01
268,Lucas Giolito,25,CHW,AL,1,0,0,0,0,0,0,0,0,0,0,0,0,,,,,0,0,0,0,0,0,/1,,giolilu01
269,Tyler Glasnow*,26,TBR,ALWS,6,0,0,0,0,0,0,0,0,0,0,0,0,,,,,0,0,0,0,0,0,/1,,glasnty01
270,Austin Gomber*,26,STL,NL,1,0,0,0,0,0,0,0,0,0,0,0,0,,,,,0,0,0,0,0,0,/1,,gombeau01
271,Tony Gonsolin,26,LAD,NLWS,4,0,0,0,0,0,0,0,0,0,0,0,0,,,,,0,0,0,0,0,0,/1,,gonsoto01
272,Victor González*,24,LAD,NLWS,8,0,0,0,0,0,0,0,0,0,0,0,0,,,,,0,0,0,0,0,0,/1,,gonzavi02
273,Brusdar Graterol,21,LAD,NLWS,9,0,0,0,0,0,0,0,0,0,0,0,0,,,,,0,0,0,0,0,0,/1,,gratebr01
274,Chad Green*,29,NYY,AL,4,0,0,0,0,0,0,0,0,0,0,0,0,,,,,0,0,0,0,0,0,/1,,greench03
275,Shane Greene,31,ATL,NL,6,0,0,0,0,0,0,0,0,0,0,0,0,,,,,0,0,0,0,0,0,/1,,greensh02
276,Zack Greinke,36,HOU,AL,3,0,0,0,0,0,0,0,0,0,0,0,0,,,,,0,0,0,0,0,0,/1,,greinza01
277,Josh Hader*,26,MIL,NL,1,0,0,0,0,0,0,0,0,0,0,0,0,,,,,0,0,0,0,0,0,/1,,haderjo01
278,Billy Hamilton,29,CHC,NL,1,0,0,0,0,0,0,0,0,0,0,0,0,,,,,0,,0,0,,,/8,,hamilbi02
279,Brad Hand*,30,CLE,AL,1,0,0,0,0,0,0,0,0,0,0,0,0,,,,,0,0,0,0,0,0,/1,,handbr01
280,J.A. Happ*,37,NYY,AL,1,0,0,0,0,0,0,0,0,0,0,0,0,,,,,0,0,0,0,0,0,/1,,happja01
281,Monte Harrison,24,MIA,NL,2,0,0,0,0,0,0,0,0,1,0,0,0,,,,,0,,0,0,,,*/8H,,harrimo01
282,Thomas Hatch,25,TOR,AL,2,0,0,0,0,0,0,0,0,0,0,0,0,,,,,0,0,0,0,0,0,/*1,,hatchto01
283,Ryan Helsley,25,STL,NL,2,0,0,0,0,0,0,0,0,0,0,0,0,,,,,0,0,0,0,0,0,/1,,helslry01
284,Kyle Hendricks,30,CHC,NL,1,0,0,0,0,0,0,0,0,0,0,0,0,,,,,0,0,0,0,0,0,/1,,hendrky01
285,Liam Hendriks,31,OAK,AL,3,0,0,0,0,0,0,0,0,0,0,0,0,,,,,0,0,0,0,0,0,/1,,hendrli01
286,Codi Heuer,23,CHW,AL,2,0,0,0,0,0,0,0,0,0,0,0,0,,,,,0,0,0,0,0,0,/1,,heuerco01
287,Cam Hill,26,CLE,AL,1,0,0,0,0,0,0,0,0,0,0,0,0,,,,,0,0,0,0,0,0,/1,,hillca02
288,Tim Hill,30,SDP,NL,3,0,0,0,0,0,0,0,0,0,0,0,0,,,,,0,0,0,0,0,0,/1,,hillti01
289,Jonathan Holder,27,NYY,AL,1,0,0,0,0,0,0,0,0,0,0,0,0,,,,,0,0,0,0,0,0,/1,,holdejo02
290,Adrian Houser,27,MIL,NL,1,0,0,0,0,0,0,0,0,0,0,0,0,,,,,0,0,0,0,0,0,/1,,housead01
291,James Hoyt,33,MIA,NL,2,0,0,0,0,0,0,0,0,0,0,0,0,,,,,0,0,0,0,0,0,/1,,hoytja01
292,Raisel Iglesias,30,CIN,NL,2,0,0,0,0,0,0,0,0,0,0,0,0,,,,,0,0,0,0,0,0,/*1,,iglesra01
293,Josh James,27,HOU,AL,3,0,0,0,0,0,0,0,0,0,0,0,0,,,,,0,0,0,0,0,0,/1,,jamesjo02
294,Travis Jankowski*,29,CIN,NL,1,0,0,0,0,0,0,0,0,1,0,0,0,,,,,0,,0,0,,,/DH,,jankotr01
295,Kenley Jansen#,32,LAD,NLWS,8,0,0,0,0,0,0,0,0,0,0,0,0,,,,,0,0,0,0,0,0,/1,,janseke01
296,Cristian Javier,23,HOU,AL,5,0,0,0,0,0,0,0,0,0,0,0,0,,,,,0,0,0,0,0,0,/1,,javiecr01
297,Jeremy Jeffress,32,CHC,NL,2,0,0,0,0,0,0,0,0,0,0,0,0,,,,,0,,0,0,,,/*1,,jeffrje01
298,Pierce Johnson,29,SDP,NL,5,0,0,0,0,0,0,0,0,0,0,0,0,,,,,0,0,0,0,0,0,/*1,,johnspi01
299,James Karinchak,24,CLE,AL,1,0,0,0,0,0,0,0,0,0,0,0,0,,,,,0,0,0,0,0,0,/1,,karinja01
300,Joe Kelly,32,LAD,NLWS,5,0,0,0,0,0,0,0,0,0,0,0,0,,,,,0,0,0,0,0,0,/1,,kellyjo05
301,Clayton Kershaw*,32,LAD,NLWS,5,0,0,0,0,0,0,0,0,0,0,0,0,,,,,0,0,0,0,0,0,/1,,kershcl01
302,Dallas Keuchel*,32,CHW,AL,1,0,0,0,0,0,0,0,0,0,0,0,0,,,,,0,0,0,0,0,0,/1,,keuchda01
303,Kwang Hyun Kim*,31,STL,NL,1,0,0,0,0,0,0,0,0,0,0,0,0,,,,,0,0,0,0,0,0,/1,,kimkw01
304,Craig Kimbrel,32,CHC,NL,1,0,0,0,0,0,0,0,0,0,0,0,0,,,,,0,,0,0,,,/1,,kimbrcr01
305,Michael King,25,NYY,AL,1,0,0,0,0,0,0,0,0,0,0,0,0,,,,,0,0,0,0,0,0,/1,,kingmi01
306,Brandon Kintzler,35,MIA,NL,3,0,0,0,0,0,0,0,0,0,0,0,0,,,,,0,0,0,0,0,0,/1,,kintzbr01
307,Adam Kolarek*,31,LAD,NLWS,4,0,0,0,0,0,0,0,0,0,0,0,0,,,,,0,0,0,0,0,0,/1,,kolarad01
308,Jonathan Loáisiga,25,NYY,AL,2,0,0,0,0,0,0,0,0,0,0,0,0,,,,,0,0,0,0,0,0,/1,,loaisjo01
309,Pablo López*,24,MIA,NL,1,0,0,0,0,0,0,0,0,0,0,0,0,,,,,0,0,0,0,0,0,/1,,lopezpa01
310,Michael Lorenzen,28,CIN,NL,2,0,0,0,0,0,0,0,0,0,0,0,0,,,,,0,0,0,0,0,0,/*1,,lorenmi01
311,Aaron Loup*,32,TBR,ALWS,9,0,0,0,0,0,0,0,0,0,0,0,0,,,,,0,0,0,0,0,0,/1,,loupaa01
312,Jesús Luzardo*,22,OAK,AL,2,0,0,0,0,0,0,0,0,0,0,0,0,,,,,0,0,0,0,0,0,/1,,luzarje01
313,Kenta Maeda,32,MIN,AL,1,0,0,0,0,0,0,0,0,0,0,0,0,,,,,0,0,0,0,0,0,/1,,maedake01
314,Sean Manaea,28,OAK,AL,1,0,0,0,0,0,0,0,0,0,0,0,0,,,,,0,0,0,0,0,0,/1,,manaese01
315,Evan Marshall,30,CHW,AL,2,0,0,0,0,0,0,0,0,0,0,0,0,,,,,0,0,0,0,0,0,/1,,marshev01
316,Chris Martin,34,ATL,NL,8,0,0,0,0,0,0,0,0,0,0,0,0,,,,,0,0,0,0,0,0,/1,,martich02
317,Phil Maton,27,CLE,AL,2,0,0,0,0,0,0,0,0,0,0,0,0,,,,,0,0,0,0,0,0,/*1,,matonph01
318,Tyler Matzek*,29,ATL,NL,7,0,0,0,0,0,0,0,0,0,0,0,0,,,,,0,0,0,0,0,0,/1,,matzety01
319,Dustin May,22,LAD,NLWS,7,0,0,0,0,0,0,0,0,0,0,0,0,,,,,0,0,0,0,0,0,/1,,maydu01
320,Trevor May,30,MIN,AL,2,0,0,0,0,0,0,0,0,0,0,0,0,,,,,0,0,0,0,0,0,/*1,,maytr01
321,Shane McClanahan*,,TBR,ALWS,4,0,0,0,0,0,0,0,0,0,0,0,0,,,,,0,0,0,0,0,0,/1,,mcclash01
322,Lance McCullers Jr.*,26,HOU,AL,3,0,0,0,0,0,0,0,0,0,0,0,0,,,,,0,0,0,0,0,0,/1,,mcculla02
323,T.J. McFarland*,31,OAK,AL,2,0,0,0,0,0,0,0,0,0,0,0,0,,,,,0,0,0,0,0,0,/1,,mcfartj01
324,Jake McGee*,33,LAD,NLWS,4,0,0,0,0,0,0,0,0,0,0,0,0,,,,,0,0,0,0,0,0,/1,,mcgeeja01
325,Reese McGuire*,25,TOR,AL,1,0,0,0,0,0,0,0,0,0,0,0,0,,,,,0,,0,0,,,/2,,mcguire01
326,Triston McKenzie,22,CLE,AL,1,0,0,0,0,0,0,0,0,0,0,0,0,,,,,0,0,0,0,0,0,/1,,mckentr01
327,Mark Melancon,35,ATL,NL,7,0,0,0,0,0,0,0,0,0,0,0,0,,,,,0,0,0,0,0,0,/1,,melanma01
328,Andrew Miller*,35,STL,NL,1,0,0,0,0,0,0,0,0,0,0,0,0,,,,,0,0,0,0,0,0,/1,,millean01
329,Mike Minor,32,OAK,AL,3,0,0,0,0,0,0,0,0,0,0,0,0,,,,,0,0,0,0,0,0,/*1,,minormi01
330,A.J. Minter*,26,ATL,NL,5,0,0,0,0,0,0,0,0,0,0,0,0,,,,,0,0,0,0,0,0,/1,,minteaj01
331,Frankie Montas,27,OAK,AL,2,0,0,0,0,0,0,0,0,0,0,0,0,,,,,0,0,0,0,0,0,/1,,montafr02
332,Jordan Montgomery*,27,NYY,AL,1,0,0,0,0,0,0,0,0,0,0,0,0,,,,,0,0,0,0,0,0,/1,,montgjo01
333,Adrián Morejón*,21,SDP,NL,3,0,0,0,0,0,0,0,0,0,0,0,0,,,,,0,0,0,0,0,0,/1,,morejad01
334,Charlie Morton,36,TBR,ALWS,4,0,0,0,0,0,0,0,0,0,0,0,0,,,,,0,0,0,0,0,0,/1,,mortoch02
335,Nick Nelson,24,NYY,AL,2,0,0,0,0,0,0,0,0,0,0,0,0,,,,,0,0,0,0,0,0,/1,,nelsoni01
336,Darren O'Day,37,ATL,NL,5,0,0,0,0,0,0,0,0,0,0,0,0,,,,,0,0,0,0,0,0,/1,,odayda01
337,Tyler O'Neill,25,STL,NL,3,0,0,0,0,0,0,0,0,0,0,0,0,,,,,0,,0,0,,,/H7D,,oneilty01
338,Nate Orf,30,OAK,AL,2,0,0,0,0,0,0,0,0,0,0,0,0,,,,,0,,0,0,,,/4H,,orfna01
339,Adam Ottavino#,34,NYY,AL,1,0,0,0,0,0,0,0,0,0,0,0,0,,,,,0,0,0,0,0,0,/1,,ottavad01
340,Chris Paddack,24,SDP,NL,1,0,0,0,0,0,0,0,0,0,0,0,0,,,,,0,0,0,0,0,0,/1,,paddach01
341,Emilio Pagán*,29,SDP,NL,5,0,0,0,0,0,0,0,0,0,0,0,0,,,,,0,0,0,0,0,0,/*1,,paganem01
342,Enoli Paredes,24,HOU,AL,7,0,0,0,0,0,0,0,0,0,0,0,0,,,,,0,0,0,0,0,0,/1,,pareden01
343,Luis Patiño,20,SDP,NL,3,0,0,0,0,0,0,0,0,0,0,0,0,,,,,0,0,0,0,0,0,/1,,patinlu01
344,Nate Pearson,23,TOR,AL,1,0,0,0,0,0,0,0,0,0,0,0,0,,,,,0,0,0,0,0,0,/1,,pearsna01
345,Freddy Peralta,24,MIL,NL,1,0,0,0,0,0,0,0,0,0,0,0,0,,,,,0,0,0,0,0,0,/1,,peralfr01
346,Óliver Pérez*,38,CLE,AL,1,0,0,0,0,0,0,0,0,0,0,0,0,,,,,0,0,0,0,0,0,/1,,perezol01
347,Yusmeiro Petit,35,OAK,AL,5,0,0,0,0,0,0,0,0,0,0,0,0,,,,,0,0,0,0,0,0,/*1,,petityu01
348,Drew Pomeranz,31,SDP,NL,5,0,0,0,0,0,0,0,0,0,0,0,0,,,,,0,0,0,0,0,0,/*1,,pomerdr01
349,Daniel Ponce de Leon,28,STL,NL,1,0,0,0,0,0,0,0,0,0,0,0,0,,,,,0,0,0,0,0,0,/1,,ponceda01
350,Ryan Pressly,31,HOU,AL,7,0,0,0,0,0,0,0,0,0,0,0,0,,,,,0,0,0,0,0,0,/1,,pressry01
351,Cal Quantrill*,25,CLE,AL,1,0,0,0,0,0,0,0,0,0,0,0,0,,,,,0,0,0,0,0,0,/1,,quantca01
352,Brooks Raley*,32,HOU,AL,6,0,0,0,0,0,0,0,0,0,0,0,0,,,,,0,0,0,0,0,0,/1,,raleybr01
353,Drew Rasmussen,24,MIL,NL,1,0,0,0,0,0,0,0,0,0,0,0,0,,,,,0,0,0,0,0,0,/1,,rasmudr01
354,Robbie Ray*,28,TOR,AL,1,0,0,0,0,0,0,0,0,0,0,0,0,,,,,0,0,0,0,0,0,/1,,rayro02
355,Alex Reyes,25,STL,NL,2,0,0,0,0,0,0,0,0,0,0,0,0,,,,,0,0,0,0,0,0,/1,,reyesal02
356,Garrett Richards,32,SDP,NL,4,0,0,0,0,0,0,0,0,0,0,0,0,,,,,0,0,0,0,0,0,/1,,richaga01
357,Carlos Rodón*,27,CHW,AL,1,0,0,0,0,0,0,0,0,0,0,0,0,,,,,0,0,0,0,0,0,/1,,rodonca01
358,Taylor Rogers*,29,MIN,AL,2,0,0,0,0,0,0,0,0,0,0,0,0,,,,,0,0,0,0,0,0,/*1,,rogerta01
359,Trevor Rogers*,22,MIA,NL,1,0,0,0,0,0,0,0,0,0,0,0,0,,,,,0,0,0,0,0,0,/1,,rogertr01
360,Sergio Romo,37,MIN,AL,1,0,0,0,0,0,0,0,0,0,0,0,0,,,,,0,0,0,0,0,0,/1,,romose01
361,Trevor Rosenthal,30,SDP,NL,4,0,0,0,0,0,0,0,0,0,0,0,0,,,,,0,0,0,0,0,0,/1,,rosentr01
362,Hyun Jin Ryu,33,TOR,AL,1,0,0,0,0,0,0,0,0,0,0,0,0,,,,,0,0,0,0,0,0,/1,,ryuhy01
363,Sixto Sánchez,21,MIA,NL,2,0,0,0,0,0,0,0,0,0,0,0,0,,,,,0,0,0,0,0,0,/1,,sanchsi01
364,Yolmer Sánchez#,28,CHW,AL,1,0,0,0,0,0,0,0,0,0,0,0,0,,,,,0,,0,0,,,/H,,sanchca01
365,Andre Scrubb,25,HOU,AL,4,0,0,0,0,0,0,0,0,0,0,0,0,,,,,0,0,0,0,0,0,/1,,scruban01
366,Ryan Sherriff*,30,TBR,WS,2,0,0,0,0,0,0,0,0,0,0,0,0,,,,,0,0,0,0,0,0,/1,,sherrry01
367,Matt Shoemaker,33,TOR,AL,1,0,0,0,0,0,0,0,0,0,0,0,0,,,,,0,0,0,0,0,0,/1,,shoemma01
368,Lucas Sims,26,CIN,NL,2,0,0,0,0,0,0,0,0,0,0,0,0,,,,,0,0,0,0,0,0,/*1,,simslu01
369,Aaron Slegers,27,TBR,AL,3,0,0,0,0,0,0,0,0,0,0,0,0,,,,,0,0,0,0,0,0,/1,,slegeaa01
370,Will Smith,30,ATL,NL,7,0,0,0,0,0,0,0,0,0,0,0,0,,,,,0,0,0,0,0,0,/1,,smithwi04
371,Blake Snell*,27,TBR,ALWS,6,0,0,0,0,0,0,0,0,0,0,0,0,,,,,0,0,0,0,0,0,/1,,snellbl01
372,Joakim Soria,36,OAK,AL,4,0,0,0,0,0,0,0,0,0,0,0,0,,,,,0,0,0,0,0,0,/1,,soriajo01
373,Craig Stammen,36,SDP,NL,4,0,0,0,0,0,0,0,0,0,0,0,0,,,,,0,0,0,0,0,0,/1,,stammcr01
374,Ryne Stanek,28,MIA,NL,2,0,0,0,0,0,0,0,0,0,0,0,0,,,,,0,0,0,0,0,0,/1,,stanery01
375,Cody Stashak,26,MIN,AL,1,0,0,0,0,0,0,0,0,0,0,0,0,,,,,0,0,0,0,0,0,/1,,stashco01
376,Matt Strahm,28,SDP,NL,4,0,0,0,0,0,0,0,0,0,0,0,0,,,,,0,0,0,0,0,0,/1,,strahma01
377,Myles Straw,25,HOU,AL,6,0,0,0,0,0,0,0,0,0,0,0,0,,,,,0,,0,0,,,/8H,,strawmy01
378,Ross Stripling,30,TOR,AL,1,0,0,0,0,0,0,0,0,0,0,0,0,,,,,0,0,0,0,0,0,/1,,stripro01
379,Garrett Stubbs*,27,HOU,AL,1,0,0,0,0,0,0,0,0,0,0,0,0,,,,,0,,0,0,,,/2,,stubbga01
380,Brent Suter*,30,MIL,NL,1,0,0,0,0,0,0,0,0,0,0,0,0,,,,,0,0,0,0,0,0,/1,,suterbr01
381,Masahiro Tanaka,31,NYY,AL,2,0,0,0,0,0,0,0,0,0,0,0,0,,,,,0,0,0,0,0,0,/1,,tanakma01
382,Mike Tauchman*,29,NYY,AL,1,0,0,1,0,0,0,0,0,0,0,0,0,,,,,0,,0,0,,,/DH,,tauchmi01
383,Blake Taylor*,24,HOU,AL,8,0,0,0,0,0,0,0,0,0,0,0,0,,,,,0,0,0,0,0,0,/*1,,taylobl01
384,Ryan Tepera,32,CHC,NL,1,0,0,0,0,0,0,0,0,0,0,0,0,,,,,0,0,0,0,0,0,/1,,teperry01
385,Caleb Thielbar,33,MIN,AL,1,0,0,0,0,0,0,0,0,0,0,0,0,,,,,0,0,0,0,0,0,/1,,thielca01
386,Ryan Thompson,28,TBR,ALWS,9,0,0,0,0,0,0,0,0,0,0,0,0,,,,,0,0,0,0,0,0,/1,,thompry02
387,Josh Tomlin,35,ATL,NL,2,0,0,0,0,0,0,0,0,0,0,0,0,,,,,0,0,0,0,0,0,/1,,tomlijo01
388,Justin Topa,29,MIL,NL,1,0,0,0,0,0,0,0,0,0,0,0,0,,,,,0,0,0,0,0,0,/1,,topaju01
389,Blake Treinen,32,LAD,NLWS,11,0,0,0,0,0,0,0,0,0,0,0,0,,,,,0,0,0,0,0,0,1,,treinbl01
390,Lou Trivino,28,OAK,AL,4,0,0,0,0,0,0,0,0,0,0,0,0,,,,,0,0,0,0,0,0,/1,,trivilo01
391,Julio Urías*,23,LAD,NLWS,6,0,0,0,0,0,0,0,0,0,0,0,0,,,,,0,0,0,0,0,0,/1,,uriasju01
392,José Urquidy,25,HOU,AL,4,0,0,0,0,0,0,0,0,0,0,0,0,,,,,0,0,0,0,0,0,/1,,urquijo01
393,Framber Valdez,26,HOU,AL,4,0,0,0,0,0,0,0,0,0,0,0,0,,,,,0,0,0,0,0,0,/1,,valdefr01
394,Nick Vincent,33,MIA,NL,1,0,0,0,0,0,0,0,0,0,0,0,0,,,,,0,0,0,0,0,0,/1,,vinceni01
395,Adam Wainwright,38,STL,NL,1,0,0,0,0,0,0,0,0,0,0,0,0,,,,,0,0,0,0,0,0,/1,,wainwad01
396,Ryan Weathers,,SDP,NL,1,0,0,0,0,0,0,0,0,0,0,0,0,,,,,0,0,0,0,0,0,/1,,weathry01
397,Jacob Webb,26,ATL,NL,3,0,0,0,0,0,0,0,0,0,0,0,0,,,,,0,0,0,0,0,0,/1,,webbja01
398,Tyler Webb*,29,STL,NL,1,0,0,0,0,0,0,0,0,0,0,0,0,,,,,0,0,0,0,0,0,/1,,webbty01
399,Jordan Weems*,27,OAK,AL,1,0,0,0,0,0,0,0,0,0,0,0,0,,,,,0,0,0,0,0,0,/1,,weemsjo01
400,J.B. Wendelken,27,OAK,AL,4,0,0,0,0,0,0,0,0,0,0,0,0,,,,,0,0,0,0,0,0,/1,,wendejb01
401,Kodi Whitley,25,STL,NL,1,0,0,0,0,0,0,0,0,0,0,0,0,,,,,0,0,0,0,0,0,/1,,whitlko01
402,Bryse Wilson,22,ATL,NL,1,0,0,0,0,0,0,0,0,0,0,0,0,,,,,0,0,0,0,0,0,/1,,wilsobr02
403,Dan Winkler,30,CHC,NL,1,0,0,0,0,0,0,0,0,0,0,0,0,,,,,0,0,0,0,0,0,/1,,winklda01
404,Nick Wittgren,29,CLE,AL,1,0,0,0,0,0,0,0,0,0,0,0,0,,,,,0,0,0,0,0,0,/1,,wittgni01
405,Alex Wood,29,LAD,NLWS,4,0,0,0,0,0,0,0,0,0,0,0,0,,,,,0,0,0,0,0,0,/1,,woodal02
406,Brandon Woodruff*,27,MIL,NL,1,0,0,0,0,0,0,0,0,0,0,0,0,,,,,0,0,0,0,0,0,/1,,woodrbr01
407,Kyle Wright,24,ATL,NL,2,0,0,0,0,0,0,0,0,0,0,0,0,,,,,0,0,0,0,0,0,/1,,wrighky01
408,Ryan Yarbrough,28,TBR,ALWS,5,0,0,0,0,0,0,0,0,0,0,0,0,,,,,0,0,0,0,0,0,/1,,yarbrry01
409,Eric Yardley,29,MIL,NL,1,0,0,0,0,0,0,0,0,0,0,0,0,,,,,0,0,0,0,0,0,/1,,yardler01
410,Huascar Ynoa,22,ATL,NL,1,0,0,0,0,0,0,0,0,0,0,0,0,,,,,0,0,0,0,0,0,/1,,ynoahu01
,MLB Average,,,,,,,,,,,,,,,,,.234,.316,.412,.728,,,,,,,,,-9999