Rk,Player,Age,Team,Lg,G,PA,AB,R,H,2B,3B,HR,RBI,SB,CS,BB,SO,BA,OBP,SLG,OPS,TB,GIDP,HBP,SH,SF,IBB,Pos,Awards,Player-additional
1,Justin Turner,33,LAD,NLWS,16,75,67,6,20,3,0,1,4,1,0,7,13,.299,.373,.388,.761,26,1,1,0,0,0,*5,,turneju01
2,Manny Machado,25,LAD,NLWS,16,72,66,9,15,2,0,3,12,1,0,4,18,.227,.278,.394,.672,26,4,1,0,1,2,*6,,machama01
3,Mookie Betts,25,BOS,ALWS,14,70,62,13,13,4,0,1,4,1,0,7,12,.210,.300,.323,.623,20,0,1,0,0,4,*9/8,,bettsmo01
4,Xander Bogaerts,25,BOS,ALWS,14,66,58,5,13,2,0,1,7,0,0,7,8,.224,.303,.310,.613,18,3,0,0,1,1,*6,,bogaexa01
5,J.D. Martinez,30,BOS,ALWS,14,62,50,6,15,2,0,3,14,0,1,10,11,.300,.403,.520,.923,26,1,0,0,2,2,*D/97,,martijd02
6,Max Muncy*,27,LAD,NLWS,16,62,50,10,10,1,0,3,6,1,0,12,23,.200,.355,.400,.755,20,0,0,0,0,0,*3/4H,,muncyma01
7,Andrew Benintendi*,23,BOS,ALWS,14,61,56,15,15,4,0,0,5,2,0,4,13,.268,.328,.339,.667,19,0,1,0,0,0,*7/H,,beninan01
8,Cody Bellinger*,22,LAD,NLWS,16,57,52,5,6,1,0,1,4,4,1,5,16,.115,.193,.192,.385,10,0,0,0,0,0,*8/H39,NLCS MVP,bellico01
9,Yasiel Puig,27,LAD,NLWS,16,56,50,4,15,3,0,2,8,2,1,6,10,.300,.375,.480,.855,24,2,0,0,0,1,*9/H,,puigya01
10,Jackie Bradley Jr.*,28,BOS,ALWS,14,50,40,6,8,2,0,3,10,1,2,9,9,.200,.360,.475,.835,19,1,1,0,0,0,*8/7H,ALCS MVP,bradlja02
11,Lorenzo Cain,32,MIL,NL,10,48,45,4,11,4,0,0,1,0,1,3,12,.244,.292,.333,.625,15,0,0,0,0,0,*8,,cainlo01
12,Chris Taylor,27,LAD,NLWS,15,48,39,6,11,1,1,1,3,1,0,9,13,.282,.417,.436,.853,17,0,0,0,0,0,*7/48,,tayloch03
13,Steve Pearce,35,BOS,ALWS,13,47,38,12,11,2,0,4,11,0,0,9,8,.289,.426,.658,1.083,25,0,0,0,0,0,*3/H,WS MVP,pearcst01
14,Christian Yelich*,26,MIL,NL,10,47,36,7,7,1,0,2,3,2,0,11,7,.194,.383,.389,.772,14,2,0,0,0,1,*9/7,,yelicch01
15,Kiké Hernández,26,LAD,NLWS,15,46,41,3,5,0,0,2,3,2,1,5,14,.122,.217,.268,.486,11,1,0,0,0,1,*4/87H9,,hernaen02
16,Ryan Braun,34,MIL,NL,10,44,42,2,12,2,0,0,4,2,0,2,13,.286,.318,.333,.652,14,0,0,0,0,0,*7,,braunry02
17,Mike Moustakas*,29,MIL,NL,10,44,40,3,8,2,0,0,3,0,0,4,13,.200,.273,.250,.523,10,0,0,0,0,3,*5,,moustmi01
18,Joc Pederson*,26,LAD,NLWS,16,42,39,6,8,1,0,2,2,0,0,1,13,.205,.262,.385,.647,15,0,2,0,0,0,*7/H,,pederjo01
19,Jesús Aguilar,28,MIL,NL,10,41,37,5,8,3,0,2,5,0,0,3,15,.216,.275,.459,.734,17,1,0,0,0,1,*3,,aguilje01
20,Alex Bregman,24,HOU,AL,8,38,24,8,7,2,0,2,5,0,1,11,4,.292,.553,.625,1.178,15,0,3,0,0,1,/*5,,bregmal01
21,George Springer,28,HOU,AL,8,38,35,6,14,3,0,4,8,1,0,3,7,.400,.447,.829,1.276,29,0,0,0,0,0,*/89,,springe01
22,Christian Vázquez,27,BOS,ALWS,12,38,37,4,8,1,0,1,2,0,0,1,8,.216,.237,.324,.561,12,0,0,0,0,0,*2/3H,,vazquch01
23,Jose Altuve,28,HOU,AL,8,37,34,8,9,2,0,1,4,0,0,3,6,.265,.324,.412,.736,14,1,0,0,0,0,/4D,,altuvjo01
24,Rafael Devers*,21,BOS,ALWS,11,37,34,7,10,0,0,1,9,1,0,3,13,.294,.351,.382,.734,13,0,0,0,0,0,*5/H,,deverra01
25,Marwin González#,29,HOU,AL,8,36,33,3,11,2,0,2,9,0,2,1,9,.333,.389,.576,.965,19,0,2,0,0,0,/74,,gonzama01
26,Yuli Gurriel,34,HOU,AL,8,36,31,5,7,2,0,1,3,0,0,5,5,.226,.333,.387,.720,12,0,0,0,0,1,/*3,,gourryu01
27,Carlos Correa,23,HOU,AL,8,35,29,3,7,1,0,1,6,0,0,6,9,.241,.371,.379,.751,11,0,0,0,0,0,/*6,,correca01
28,Ian Kinsler,36,BOS,ALWS,11,35,34,4,7,3,0,0,3,1,0,1,14,.206,.229,.294,.523,10,1,0,0,0,0,*4/H,,kinslia01
29,Orlando Arcia,23,MIL,NL,10,34,33,7,11,0,0,3,4,0,0,1,4,.333,.353,.606,.959,20,1,0,0,0,1,*6/H,,arciaor01
30,Yasmani Grandal#,29,LAD,NLWS,14,34,29,2,4,1,0,1,1,0,0,5,15,.138,.265,.276,.541,8,1,0,0,0,0,*2/H,,grandya01
31,Travis Shaw*,28,MIL,NL,10,34,30,2,8,2,1,1,2,1,0,4,10,.267,.353,.500,.853,15,0,0,0,0,1,/*43H,,shawtr01
32,Austin Barnes,28,LAD,NLWS,10,32,29,0,2,0,0,0,2,0,0,3,14,.069,.156,.069,.225,2,0,0,0,0,0,*2/H,,barneau01
33,Brock Holt*,30,BOS,ALWS,8,32,27,7,7,2,1,1,6,1,0,4,4,.259,.375,.519,.894,14,1,1,0,0,0,/4H3579,,holtbr01
34,Eduardo Núñez,31,BOS,ALWS,8,28,26,1,6,1,0,1,4,0,0,2,5,.231,.286,.385,.670,10,0,0,0,0,0,/5H,,nunezed02
35,Josh Reddick*,31,HOU,AL,8,28,26,2,7,1,0,1,4,0,0,2,5,.269,.321,.423,.745,11,1,0,0,0,0,*/97H,,reddijo01
36,David Freese,35,LAD,NLWS,14,26,22,3,8,1,1,2,6,0,0,1,5,.364,.423,.773,1.196,17,1,2,0,1,0,*3/H,,freesda01
37,Erik Kratz,38,MIL,NL,9,26,24,2,7,2,0,0,3,0,0,1,6,.292,.346,.375,.721,9,1,1,0,0,0,/*2,,kratzer01
38,Matt Kemp,33,LAD,NLWS,13,25,23,1,4,1,0,1,3,0,0,1,6,.174,.200,.348,.548,8,1,0,0,1,1,/H79D,,kempma01
39,Brian Dozier,31,LAD,NLWS,11,22,16,3,2,0,0,0,2,1,1,5,4,.125,.364,.125,.489,2,0,1,0,0,0,/4H,,doziebr01
40,Aaron Judge,26,NYY,AL,5,22,19,6,8,1,0,3,4,0,0,3,3,.421,.500,.947,1.447,18,0,0,0,0,0,*/9,,judgeaa01
41,Giancarlo Stanton,28,NYY,AL,5,22,21,4,5,0,0,1,1,1,0,1,7,.238,.273,.381,.654,8,1,0,0,0,0,/*D,,stantmi03
42,Martín Maldonado,31,HOU,AL,7,21,19,3,2,1,0,1,1,0,0,0,7,.105,.150,.316,.466,6,2,1,1,0,0,/*2,,maldoma01
43,Luke Voit,27,NYY,AL,5,21,17,2,4,0,1,0,4,0,0,4,6,.235,.381,.353,.734,6,0,0,0,0,0,/*3,,voitlu01
44,Gary Sánchez,25,NYY,AL,5,20,18,3,3,1,0,2,5,0,0,1,5,.167,.200,.556,.756,10,1,0,0,1,0,/*2,,sanchga02
45,Didi Gregorius*,28,NYY,AL,5,19,17,1,4,1,0,0,3,0,0,0,4,.235,.222,.294,.516,5,0,0,1,1,0,/*6,,gregodi01
46,Tony Kemp*,26,HOU,AL,6,19,14,3,4,1,0,1,1,0,0,5,3,.286,.474,.571,1.045,8,0,0,0,0,0,/7DH,,kempto01
47,Andrew McCutchen,31,NYY,AL,5,19,18,2,2,0,0,0,1,0,0,1,3,.111,.158,.111,.269,2,1,0,0,0,0,*/7H,,mccutan01
48,Mitch Moreland*,32,BOS,ALWS,11,19,17,3,5,1,0,1,5,0,0,1,6,.294,.368,.529,.898,9,0,1,0,0,0,/H3,,morelmi01
49,Nolan Arenado,27,COL,NL,4,18,16,0,3,0,0,0,2,0,0,0,6,.188,.167,.188,.354,3,0,0,0,2,0,/*5,,arenano01
50,DJ LeMahieu,29,COL,NL,4,18,15,0,3,2,0,0,0,0,1,3,3,.200,.333,.333,.667,5,1,0,0,0,0,/*4,,lemahdj01
51,Trevor Story,25,COL,NL,4,18,18,1,5,2,0,0,0,0,0,0,7,.278,.278,.389,.667,7,0,0,0,0,0,/*6,,storytr01
52,Gleyber Torres,21,NYY,AL,5,18,16,1,4,0,0,0,0,0,0,2,3,.250,.333,.250,.583,4,0,0,0,0,0,/*4,,torregl01
53,Tyler White,27,HOU,AL,8,18,13,0,3,1,0,0,0,0,0,3,7,.231,.444,.308,.752,4,0,2,0,0,2,/DH,,whitety01
54,Ronald Acuña Jr.,20,ATL,NL,4,17,16,1,3,1,0,1,4,0,1,1,5,.188,.235,.438,.673,7,0,0,0,0,0,*/7,,acunaro01
55,Ian Desmond,32,COL,NL,4,17,17,0,2,0,0,0,0,1,0,0,5,.118,.118,.118,.235,2,0,0,0,0,0,/*3,,desmoia01
56,Freddie Freeman*,28,ATL,NL,4,17,16,1,4,0,0,1,1,0,0,1,3,.250,.294,.438,.732,7,0,0,0,0,0,/*3,,freemfr01
57,Charlie Blackmon*,31,COL,NL,4,16,15,1,2,0,0,0,1,0,0,1,1,.133,.188,.133,.321,2,0,0,0,0,0,*/8,,blackch02
58,Johan Camargo#,24,ATL,NL,4,16,15,1,0,0,0,0,0,0,0,1,5,.000,.063,.000,.063,0,1,0,0,0,0,/*5,,camarjo01
59,Hernán Pérez,27,MIL,NL,9,16,14,0,3,2,0,0,2,2,2,1,3,.214,.250,.357,.607,5,0,0,0,1,0,/*46H,,perezhe01
60,Ozzie Albies#,21,ATL,NL,4,15,15,1,3,0,0,0,0,0,0,0,1,.200,.200,.200,.400,3,0,0,0,0,0,/*4,,albieoz01
61,Sandy León#,29,BOS,ALWS,10,15,13,1,3,1,0,0,0,0,0,1,4,.231,.286,.308,.593,4,0,0,1,0,0,*2/H,,leonsa01
62,Nick Markakis*,34,ATL,NL,4,15,12,1,1,0,0,0,0,0,0,3,2,.083,.267,.083,.350,1,0,0,0,0,0,*/9,,markani01
63,Carlos González*,32,COL,NL,4,14,12,0,2,0,1,0,0,0,0,2,5,.167,.286,.333,.619,4,0,0,0,0,0,*/9,,gonzaca01
64,Ender Inciarte*,27,ATL,NL,4,14,13,0,3,0,0,0,0,0,0,0,4,.231,.231,.231,.462,3,0,0,1,0,0,*/8,,inciaen01
65,Charlie Culberson,29,ATL,NL,4,13,12,1,2,0,0,0,0,0,0,1,4,.167,.231,.167,.397,2,0,0,0,0,1,/*6,,culbech01
66,Miguel Andujar,23,NYY,AL,4,12,10,0,2,0,0,0,0,0,0,2,2,.200,.333,.200,.533,2,1,0,0,0,0,/*5,,andujmi01
67,Michael Brantley*,31,CLE,AL,3,12,10,0,2,0,0,0,1,0,0,1,1,.200,.250,.200,.450,2,0,0,0,1,0,*/7,,brantmi02
68,Josh Donaldson,32,CLE,AL,3,12,11,0,1,0,0,0,0,0,0,1,4,.091,.167,.091,.258,1,0,0,0,0,0,/*5,,donaljo02
69,Edwin Encarnación,35,CLE,AL,3,12,10,1,1,0,0,0,0,0,0,2,4,.100,.250,.100,.350,1,0,0,0,0,0,/D3,,encared01
70,Brett Gardner*,34,NYY,AL,5,12,8,1,0,0,0,0,1,0,0,3,1,.000,.250,.000,.250,0,0,0,0,1,0,*/87H,,gardnbr01
71,Francisco Lindor#,24,CLE,AL,3,12,11,3,4,0,0,2,2,0,0,0,2,.364,.364,.909,1.273,10,0,0,1,0,0,/*6,,lindofr01
72,Manny Piña,31,MIL,NL,5,12,7,1,3,1,0,0,0,0,0,5,1,.429,.667,.571,1.238,4,0,0,0,0,0,/2,,pinama01
73,José Ramírez#,25,CLE,AL,3,12,11,0,0,0,0,0,1,0,0,1,3,.000,.083,.000,.083,0,1,0,0,0,0,/*4,,ramirjo01
74,David Dahl*,24,COL,NL,3,11,11,0,0,0,0,0,0,0,0,0,3,.000,.000,.000,.000,0,0,0,0,0,0,*/978,,dahlda01
75,Aaron Hicks#,28,NYY,AL,3,10,9,1,2,1,0,0,1,0,0,1,1,.222,.300,.333,.633,3,0,0,0,0,0,/8,,hicksaa01
76,Clayton Kershaw*,30,LAD,NLWS,7,10,6,1,0,0,0,0,0,0,0,3,2,.000,.333,.000,.333,0,0,0,1,0,0,/1H,,kershcl01
77,Domingo Santana,25,MIL,NL,10,10,8,1,2,1,0,0,3,1,0,2,5,.250,.400,.375,.775,3,0,0,0,0,1,*H,,santado01
78,Yan Gomes,30,CLE,AL,3,9,8,2,2,0,0,0,0,0,0,1,4,.250,.333,.250,.583,2,0,0,0,0,0,/*2,,gomesya01
79,Matt Holliday,38,COL,NL,4,9,8,0,2,1,0,0,0,0,0,1,4,.250,.333,.375,.708,3,0,0,0,0,0,/7H,,hollima01
80,Chris Iannetta,35,COL,NL,4,9,9,0,0,0,0,0,0,0,0,0,3,.000,.000,.000,.000,0,0,0,0,0,0,/*2,,iannech01
81,Jason Kipnis*,31,CLE,AL,3,9,9,0,1,0,0,0,0,0,0,0,6,.111,.111,.111,.222,1,0,0,0,0,0,*/8,,kipnija01
82,Gerardo Parra*,31,COL,NL,3,9,8,1,4,0,0,0,0,0,0,1,1,.500,.556,.500,1.056,4,0,0,0,0,0,*/7H,,parrage01
83,Walker Buehler,23,LAD,NLWS,4,8,6,0,0,0,0,0,0,0,0,0,5,.000,.000,.000,.000,0,0,0,2,0,0,/1,,buehlwa01
84,Melky Cabrera#,33,CLE,AL,3,8,8,0,1,0,0,0,0,0,0,0,0,.125,.125,.125,.250,1,0,0,0,0,0,*/9H,,cabreme01
85,Tyler Flowers,32,ATL,NL,3,8,7,1,1,0,0,0,0,0,0,1,3,.143,.250,.143,.393,1,0,0,0,0,0,/2H,,flowety01
86,Brian McCann*,34,HOU,AL,4,8,8,0,0,0,0,0,0,0,0,0,3,.000,.000,.000,.000,0,0,0,0,0,0,/2,,mccanbr01
87,Jonathan Schoop,26,MIL,NL,4,8,8,0,0,0,0,0,0,0,0,0,3,.000,.000,.000,.000,0,1,0,0,0,0,/H4,,schoojo01
88,Kurt Suzuki,34,ATL,NL,4,8,8,0,2,0,0,0,2,0,0,0,1,.250,.250,.250,.500,2,0,0,0,0,0,/2H,,suzukku01
89,Curtis Granderson*,37,MIL,NL,7,7,7,0,1,1,0,0,1,0,0,0,3,.143,.143,.286,.429,2,0,0,0,0,0,/*H,,grandcu01
90,Albert Almora,24,CHC,NL,1,6,5,0,2,0,0,0,0,0,0,0,2,.400,.400,.400,.800,2,0,0,1,0,0,*/8,,almoral01
91,Yonder Alonso*,31,CLE,AL,2,6,6,0,0,0,0,0,0,0,0,0,4,.000,.000,.000,.000,0,0,0,0,0,0,/3,,alonsyo01
92,Javier Báez,25,CHC,NL,1,6,5,0,1,1,0,0,1,1,0,1,2,.200,.333,.400,.733,2,0,0,0,0,0,/*6,,baezja01
93,Kris Bryant,26,CHC,NL,1,6,6,0,1,0,0,0,0,0,0,0,3,.167,.167,.167,.333,1,0,0,0,0,0,*/57,,bryankr01
94,Rich Hill*,38,LAD,NLWS,4,6,5,0,0,0,0,0,0,0,0,0,1,.000,.000,.000,.000,0,0,0,1,0,0,/1,,hillri01
95,Wade Miley*,31,MIL,NL,4,6,6,1,2,1,0,0,0,0,0,0,3,.333,.333,.500,.833,3,0,0,0,0,0,/1,,mileywa01
96,Ben Zobrist#,37,CHC,NL,1,6,6,0,1,0,0,0,0,0,0,0,1,.167,.167,.167,.333,1,0,0,0,0,0,*/479,,zobribe01
97,Matt Chapman,25,OAK,AL,1,5,5,0,1,0,0,0,0,0,0,0,0,.200,.200,.200,.400,1,0,0,0,0,0,/*5,,chapmma01
98,Willson Contreras,26,CHC,NL,1,5,3,0,0,0,0,0,0,0,0,2,0,.000,.400,.000,.400,0,0,0,0,0,0,/*2,,contrwi01
99,Daniel Murphy*,33,CHC,NL,1,5,4,0,0,0,0,0,0,0,0,1,1,.000,.200,.000,.200,0,0,0,0,0,1,/*34,,murphda08
100,Hyun Jin Ryu,31,LAD,NLWS,4,5,5,0,2,0,0,0,0,0,0,0,0,.400,.400,.400,.800,2,0,0,0,0,0,/1,,ryuhy01
101,Neil Walker#,32,NYY,AL,4,5,4,0,1,0,0,0,1,0,0,0,2,.250,.400,.250,.650,1,0,1,0,0,0,/35H,,walkene01
102,Khris Davis,30,OAK,AL,1,4,4,1,1,0,0,1,2,0,0,0,2,.250,.250,1.000,1.250,4,0,0,0,0,0,/*D,,daviskh01
103,Evan Gattis,31,HOU,AL,4,4,4,0,0,0,0,0,0,0,0,0,1,.000,.000,.000,.000,0,0,0,0,0,0,/H,,gattiev01
104,Adeiny Hechavarría,29,NYY,AL,4,4,3,0,0,0,0,0,0,0,0,1,0,.000,.250,.000,.250,0,0,0,0,0,0,/5H,,hechaad01
105,Ramón Laureano,23,OAK,AL,1,4,3,0,0,0,0,0,0,0,0,1,2,.000,.250,.000,.250,0,0,0,0,0,0,*/8,,laurera01
106,Jed Lowrie#,34,OAK,AL,1,4,4,1,0,0,0,0,0,0,0,0,1,.000,.000,.000,.000,0,0,0,0,0,0,/*4,,lowrije01
107,Jonathan Lucroy,32,OAK,AL,1,4,4,0,1,0,0,0,0,0,0,0,2,.250,.250,.250,.500,1,0,0,0,0,0,/*2,,lucrojo01
108,Nick Martini*,28,OAK,AL,1,4,4,0,1,0,0,0,0,0,0,0,2,.250,.250,.250,.500,1,0,0,0,0,0,*/7,,martini02
109,Ryan McMahon*,23,COL,NL,4,4,3,0,0,0,0,0,0,0,1,1,1,.000,.250,.000,.250,0,0,0,0,0,0,/*H3,,mcmahry01
110,Matt Olson*,24,OAK,AL,1,4,2,0,0,0,0,0,0,0,0,2,0,.000,.500,.000,.500,0,0,0,0,0,0,/*3,,olsonma02
111,Stephen Piscotty,27,OAK,AL,1,4,3,0,0,0,0,0,0,0,0,1,2,.000,.250,.000,.250,0,0,0,0,0,0,*/9,,piscost01
112,Anthony Rizzo*,28,CHC,NL,1,4,4,0,1,0,0,0,0,0,0,0,0,.250,.250,.250,.500,1,1,0,0,0,0,/*3,,rizzoan01
113,Marcus Semien,27,OAK,AL,1,4,3,0,1,0,0,0,0,0,0,1,1,.333,.500,.333,.833,1,0,0,0,0,0,/*6,,semiema01
114,Drew Butera,34,COL,NL,1,3,2,0,0,0,0,0,0,0,0,1,0,.000,.333,.000,.333,0,0,0,0,0,0,/*2,,buterdr01
115,Jhoulys Chacín,30,MIL,NL,3,3,3,0,0,0,0,0,0,0,0,0,1,.000,.000,.000,.000,0,0,0,0,0,0,/1,,chacijh01
116,Yandy Díaz,26,CLE,AL,1,3,3,0,1,1,0,0,0,0,0,0,1,.333,.333,.667,1.000,2,0,0,0,0,0,/D,,diazya01
117,Lucas Duda*,32,ATL,NL,3,3,3,0,0,0,0,0,0,0,0,0,1,.000,.000,.000,.000,0,0,0,0,0,0,/*H,,dudalu01
118,Jason Heyward*,28,CHC,NL,1,3,3,0,0,0,0,0,0,0,0,0,1,.000,.000,.000,.000,0,0,0,0,0,0,*/9H,,heywaja01
119,Jake Marisnick,27,HOU,AL,5,3,3,0,0,0,0,0,0,1,0,0,1,.000,.000,.000,.000,0,0,0,0,0,0,/8DH,,marisja01
120,David Price*,32,BOS,ALWS,6,3,3,0,0,0,0,0,0,0,0,0,1,.000,.000,.000,.000,0,0,0,0,0,0,/1,,priceda01
121,Blake Swihart#,26,BOS,ALWS,3,3,3,0,0,0,0,0,0,0,0,0,1,.000,.000,.000,.000,0,0,0,0,0,0,/H29,,swihabl01
122,Tony Wolters*,26,COL,NL,3,3,3,0,2,0,0,0,1,0,0,0,0,.667,.667,.667,1.333,2,0,0,0,0,0,/*2,,wolteto01
123,Brandon Woodruff*,25,MIL,NL,4,3,2,1,1,0,0,1,1,0,0,1,1,.500,.667,2.000,2.667,4,0,0,0,0,0,/1,,woodrbr01
124,Lane Adams,28,ATL,NL,2,2,1,0,0,0,0,0,0,0,0,0,1,.000,.500,.000,.500,0,0,1,0,0,0,/H,,adamsla01
125,Tyler Anderson*,28,COL,NL,1,2,1,0,0,0,0,0,0,0,0,1,0,.000,.500,.000,.500,0,0,0,0,0,0,/1,,anderty01
126,David Bote,25,CHC,NL,1,2,2,0,0,0,0,0,0,0,0,0,2,.000,.000,.000,.000,0,0,0,0,0,0,/*5,,boteda01
127,Keon Broxton,28,MIL,NL,2,2,2,1,1,0,0,1,1,0,0,0,1,.500,.500,2.000,2.500,4,0,0,0,0,0,/9H,,broxtke01
128,Nathan Eovaldi,28,BOS,ALWS,6,2,2,0,0,0,0,0,0,0,0,0,2,.000,.000,.000,.000,0,0,0,0,0,0,/1,,eovalna01
129,Ryan Flaherty*,31,ATL,NL,2,2,2,0,0,0,0,0,0,0,0,0,0,.000,.000,.000,.000,0,0,0,0,0,0,/H,,flahery01
130,Mike Foltynewicz,26,ATL,NL,2,2,2,0,0,0,0,0,0,0,0,0,2,.000,.000,.000,.000,0,0,0,0,0,0,/1,,foltymi01
131,Kyle Freeland*,25,COL,NL,1,2,2,0,0,0,0,0,0,0,0,0,2,.000,.000,.000,.000,0,0,0,0,0,0,/*1,,freelky01
132,Terrance Gore,27,CHC,NL,1,2,2,1,0,0,0,0,0,1,0,0,2,.000,.000,.000,.000,0,0,0,0,0,0,*/7H,,gorete01
133,Brandon Guyer,32,CLE,AL,1,2,2,0,0,0,0,0,0,0,0,0,1,.000,.000,.000,.000,0,0,0,0,0,0,/9,,guyerbr01
134,Eduardo Rodríguez*,25,BOS,ALWS,7,2,1,0,0,0,0,0,0,0,0,0,1,.000,.500,.000,.500,0,0,1,0,0,0,/1,,rodried05
135,Greg Allen#,25,CLE,AL,1,1,1,0,0,0,0,0,0,0,0,0,0,.000,.000,.000,.000,0,1,0,0,0,0,/DH,,allengr01
136,Mark Canha,29,OAK,AL,1,1,1,0,0,0,0,0,0,0,0,0,1,.000,.000,.000,.000,0,0,0,0,0,0,/*H,,canhama01
137,Victor Caratini#,24,CHC,NL,1,1,1,0,0,0,0,0,0,0,0,0,0,.000,.000,.000,.000,0,0,0,0,0,0,/*H,,caratvi01
138,Junior Guerra,33,MIL,NL,2,1,1,0,0,0,0,0,0,0,0,0,1,.000,.000,.000,.000,0,0,0,0,0,0,/1,,guerrju02
139,Josh Hader*,24,MIL,NL,7,1,1,0,0,0,0,0,0,0,0,0,1,.000,.000,.000,.000,0,0,0,0,0,0,/*1,,haderjo01
140,Garrett Hampson,23,COL,NL,2,1,1,1,0,0,0,0,0,0,0,0,0,.000,.000,.000,.000,0,0,0,0,0,0,/H,,hampsga01
141,Ian Happ#,23,CHC,NL,1,1,0,0,0,0,0,0,0,0,0,1,0,,1.000,,,0,0,0,0,0,0,/*H,,happia01
142,Jeremy Jeffress,30,MIL,NL,8,1,1,0,0,0,0,0,0,0,0,0,0,.000,.000,.000,.000,0,0,0,0,0,0,/*1,,jeffrje01
143,Corey Knebel,26,MIL,NL,9,1,1,0,0,0,0,0,0,0,0,0,1,.000,.000,.000,.000,0,0,0,0,0,0,/*1,,knebeco01
144,Tommy La Stella*,29,CHC,NL,1,1,0,0,0,0,0,0,0,0,0,0,0,,,,,0,0,0,0,0,0,/*H,,lasteto01
145,Jon Lester*,34,CHC,NL,1,1,1,0,0,0,0,0,0,0,0,0,1,.000,.000,.000,.000,0,0,0,0,0,0,/*1,,lestejo01
146,Ryan Madson*,37,LAD,NLWS,11,1,1,0,0,0,0,0,0,0,0,0,1,.000,.000,.000,.000,0,0,0,0,0,0,*1,,madsory01
147,Germán Márquez,23,COL,NL,1,1,1,0,0,0,0,0,0,0,0,0,0,.000,.000,.000,.000,0,0,0,0,0,0,/1,,marquge01
148,Sean Newcomb*,25,ATL,NL,2,1,0,1,0,0,0,0,1,0,0,1,0,,1.000,,,0,0,0,0,0,0,/1,,newcose01
149,Freddy Peralta,22,MIL,NL,1,1,1,0,0,0,0,0,0,0,0,0,0,.000,.000,.000,.000,0,0,0,0,0,0,/1,,peralfr01
150,Rick Porcello,29,BOS,ALWS,5,1,0,0,0,0,0,0,0,0,0,0,0,,,,,0,0,0,1,0,0,/1,,porceri01
151,Aníbal Sánchez,34,ATL,NL,1,1,1,0,0,0,0,0,0,0,0,0,0,.000,.000,.000,.000,0,0,0,0,0,0,/1,,sanchan01
152,Kyle Schwarber*,25,CHC,NL,1,1,1,0,0,0,0,0,0,0,0,0,1,.000,.000,.000,.000,0,0,0,0,0,0,/*H,,schwaky01
153,Antonio Senzatela,23,COL,NL,1,1,1,0,0,0,0,0,0,0,0,0,1,.000,.000,.000,.000,0,0,0,0,0,0,/1,,senzaan01
154,Pat Valaika,25,COL,NL,1,1,1,0,0,0,0,0,0,0,0,0,1,.000,.000,.000,.000,0,0,0,0,0,0,/*H,,valaipa01
155,Scott Alexander*,28,LAD,NLWS,4,0,0,0,0,0,0,0,0,0,0,0,0,,,,,0,,0,0,,,/1,,alexasc02
156,Cody Allen,29,CLE,AL,2,0,0,0,0,0,0,0,0,0,0,0,0,,,,,0,0,0,0,0,0,/1,,allenco01
157,Pedro Báez,30,LAD,NLWS,10,0,0,0,0,0,0,0,0,0,0,0,0,,,,,0,,0,0,,,1,,baezpe01
158,Matt Barnes,28,BOS,ALWS,10,0,0,0,0,0,0,0,0,0,0,0,0,,,,,0,0,0,0,0,0,*1,,barnema01
159,Trevor Bauer,27,CLE,AL,3,0,0,0,0,0,0,0,0,0,0,0,0,,,,,0,0,0,0,0,0,/*1,,bauertr01
160,Dellin Betances,30,NYY,AL,3,0,0,0,0,0,0,0,0,0,0,0,0,,,,,0,0,0,0,0,0,/1,,betande01
161,Brad Brach,32,ATL,NL,2,0,0,0,0,0,0,0,0,0,0,0,0,,,,,0,,0,0,,,/1,,brachbr01
162,Ryan Brasier,30,BOS,ALWS,9,0,0,0,0,0,0,0,0,0,0,0,0,,,,,0,0,0,0,0,0,/1,,brasiry01
163,Zack Britton*,30,NYY,AL,4,0,0,0,0,0,0,0,0,0,0,0,0,,,,,0,0,0,0,0,0,/*1,,brittza01
164,Corbin Burnes,23,MIL,NL,6,0,0,0,0,0,0,0,0,0,0,0,0,,,,,0,,0,0,,,/1,,burneco01
165,Carlos Carrasco,31,CLE,AL,1,0,0,0,0,0,0,0,0,0,0,0,0,,,,,0,0,0,0,0,0,/1,,carraca01
166,Xavier Cedeño*,31,MIL,NL,4,0,0,0,0,0,0,0,0,0,0,0,0,,,,,0,,0,0,,,/1,,cedenxa01
167,Aroldis Chapman*,30,NYY,AL,3,0,0,0,0,0,0,0,0,0,0,0,0,,,,,0,0,0,0,0,0,/1,,chapmar01
168,Jesse Chavez,34,CHC,NL,1,0,0,0,0,0,0,0,0,0,0,0,0,,,,,0,,0,0,,,/*1,,chaveje01
169,Adam Cimber,27,CLE,AL,2,0,0,0,0,0,0,0,0,0,0,0,0,,,,,0,0,0,0,0,0,/1,,cimbead01
170,Steve Cishek,32,CHC,NL,1,0,0,0,0,0,0,0,0,0,0,0,0,,,,,0,,0,0,,,/*1,,cishest01
171,Mike Clevinger,27,CLE,AL,1,0,0,0,0,0,0,0,0,0,0,0,0,,,,,0,0,0,0,0,0,/1,,clevimi01
172,Gerrit Cole,27,HOU,AL,2,0,0,0,0,0,0,0,0,0,0,0,0,,,,,0,0,0,0,0,0,/1,,colege01
173,Zach Davies,25,MIL,NL,1,0,0,0,0,0,0,0,0,0,0,0,0,,,,,0,,0,0,,,/1,,davieza02
174,Wade Davis,32,COL,NL,2,0,0,0,0,0,0,0,0,0,0,0,0,,,,,0,,0,0,,,/1,,daviswa01
175,Jorge De La Rosa*,37,CHC,NL,1,0,0,0,0,0,0,0,0,0,0,0,0,,,,,0,,0,0,,,/*1,,rosajo01
176,Jeurys Familia,28,OAK,AL,1,0,0,0,0,0,0,0,0,0,0,0,0,,,,,0,0,0,0,0,0,/*1,,familje01
177,Caleb Ferguson,21,LAD,NL,6,0,0,0,0,0,0,0,0,0,0,0,0,,,,,0,,0,0,,,/1,,ferguca01
178,Dylan Floro*,27,LAD,NLWS,8,0,0,0,0,0,0,0,0,0,0,0,0,,,,,0,,0,0,,,/1,,florody01
179,Max Fried*,24,ATL,NL,4,0,0,0,0,0,0,0,0,0,0,0,0,,,,,0,,0,0,,,/*1,,friedma01
180,Kevin Gausman*,27,ATL,NL,1,0,0,0,0,0,0,0,0,0,0,0,0,,,,,0,,0,0,,,/1,,gausmke01
181,Gio González,32,MIL,NL,2,0,0,0,0,0,0,0,0,0,0,0,0,,,,,0,,0,0,,,/1,,gonzagi01
182,Chad Green*,27,NYY,AL,2,0,0,0,0,0,0,0,0,0,0,0,0,,,,,0,0,0,0,0,0,/1,,greench03
183,Cole Hamels*,34,CHC,NL,1,0,0,0,0,0,0,0,0,0,0,0,0,,,,,0,,0,0,,,/*1,,hamelco01
184,Brad Hand*,28,CLE,AL,2,0,0,0,0,0,0,0,0,0,0,0,0,,,,,0,0,0,0,0,0,/1,,handbr01
185,J.A. Happ*,35,NYY,AL,1,0,0,0,0,0,0,0,0,0,0,0,0,,,,,0,0,0,0,0,0,/1,,happja01
186,Will Harris,33,HOU,AL,1,0,0,0,0,0,0,0,0,0,0,0,0,,,,,0,0,0,0,0,0,/1,,harriwi10
187,Heath Hembree,29,BOS,ALWS,4,0,0,0,0,0,0,0,0,0,0,0,0,,,,,0,0,0,0,0,0,/1,,hembrhe01
188,Kyle Hendricks,28,CHC,NL,1,0,0,0,0,0,0,0,0,0,0,0,0,,,,,0,,0,0,,,/*1,,hendrky01
189,Liam Hendriks,29,OAK,AL,1,0,0,0,0,0,0,0,0,0,0,0,0,,,,,0,0,0,0,0,0,/*1,,hendrli01
190,Jonathan Holder,25,NYY,AL,1,0,0,0,0,0,0,0,0,0,0,0,0,,,,,0,0,0,0,0,0,/1,,holdejo02
191,Josh James,25,HOU,AL,2,0,0,0,0,0,0,0,0,0,0,0,0,,,,,0,0,0,0,0,0,/1,,jamesjo02
192,Kenley Jansen#,30,LAD,NLWS,9,0,0,0,0,0,0,0,0,0,0,0,0,,,,,0,,0,0,,,/1,,janseke01
193,DJ Johnson*,28,COL,NL,1,0,0,0,0,0,0,0,0,0,0,0,0,,,,,0,,0,0,,,/1,,johnsdj01
194,Shawn Kelley,34,OAK,AL,1,0,0,0,0,0,0,0,0,0,0,0,0,,,,,0,0,0,0,0,0,/*1,,kellesh01
195,Joe Kelly,30,BOS,ALWS,9,0,0,0,0,0,0,0,0,0,0,0,0,,,,,0,0,0,0,0,0,/1,,kellyjo05
196,Dallas Keuchel*,30,HOU,AL,2,0,0,0,0,0,0,0,0,0,0,0,0,,,,,0,0,0,0,0,0,/1,,keuchda01
197,Craig Kimbrel,30,BOS,ALWS,9,0,0,0,0,0,0,0,0,0,0,0,0,,,,,0,0,0,0,0,0,/1,,kimbrcr01
198,Corey Kluber,32,CLE,AL,1,0,0,0,0,0,0,0,0,0,0,0,0,,,,,0,0,0,0,0,0,/1,,klubeco01
199,Lance Lynn#,31,NYY,AL,2,0,0,0,0,0,0,0,0,0,0,0,0,,,,,0,0,0,0,0,0,/1,,lynnla01
200,Kenta Maeda,30,LAD,NLWS,8,0,0,0,0,0,0,0,0,0,0,0,0,,,,,0,,0,0,,,/1,,maedake01
201,Lance McCullers Jr.*,24,HOU,AL,5,0,0,0,0,0,0,0,0,0,0,0,0,,,,,0,0,0,0,0,0,/1,,mcculla02
202,Collin McHugh,31,HOU,AL,4,0,0,0,0,0,0,0,0,0,0,0,0,,,,,0,0,0,0,0,0,/1,,mchugco01
203,Andrew Miller*,33,CLE,AL,2,0,0,0,0,0,0,0,0,0,0,0,0,,,,,0,0,0,0,0,0,/1,,millean01
204,A.J. Minter*,24,ATL,NL,2,0,0,0,0,0,0,0,0,0,0,0,0,,,,,0,,0,0,,,/1,,minteaj01
205,Charlie Morton,34,HOU,AL,1,0,0,0,0,0,0,0,0,0,0,0,0,,,,,0,0,0,0,0,0,/1,,mortoch02
206,Harrison Musgrave*,26,COL,NL,2,0,0,0,0,0,0,0,0,0,0,0,0,,,,,0,,0,0,,,/1,,musgrha01
207,Scott Oberg,28,COL,NL,4,0,0,0,0,0,0,0,0,0,0,0,0,,,,,0,,0,0,,,/*1,,obergsc01
208,Seunghwan Oh,35,COL,NL,3,0,0,0,0,0,0,0,0,0,0,0,0,,,,,0,,0,0,,,/*1,,ohse01
209,Roberto Osuna,23,HOU,AL,4,0,0,0,0,0,0,0,0,0,0,0,0,,,,,0,0,0,0,0,0,/1,,osunaro01
210,Dan Otero,33,CLE,AL,1,0,0,0,0,0,0,0,0,0,0,0,0,,,,,0,0,0,0,0,0,/1,,oteroda01
211,Adam Ottavino#,32,COL,NL,3,0,0,0,0,0,0,0,0,0,0,0,0,,,,,0,,0,0,,,/*1,,ottavad01
212,Ryan Pressly,29,HOU,AL,5,0,0,0,0,0,0,0,0,0,0,0,0,,,,,0,0,0,0,0,0,/1,,pressry01
213,David Robertson,33,NYY,AL,3,0,0,0,0,0,0,0,0,0,0,0,0,,,,,0,0,0,0,0,0,/1,,roberda08
214,Fernando Rodney,41,OAK,AL,1,0,0,0,0,0,0,0,0,0,0,0,0,,,,,0,0,0,0,0,0,/*1,,rodnefe01
215,Austin Romine,29,NYY,AL,1,0,0,0,0,0,0,0,0,0,0,0,0,,,,,0,0,0,0,0,0,/1,,rominau01
216,Héctor Rondón,30,HOU,AL,2,0,0,0,0,0,0,0,0,0,0,0,0,,,,,0,0,0,0,0,0,/1,,rondohe01
217,Randy Rosario*,24,CHC,NL,1,0,0,0,0,0,0,0,0,0,0,0,0,,,,,0,,0,0,,,/*1,,rosarra01
218,Chris Rusin*,31,COL,NL,4,0,0,0,0,0,0,0,0,0,0,0,0,,,,,0,,0,0,,,/*1,,rusinch01
219,CC Sabathia*,37,NYY,AL,1,0,0,0,0,0,0,0,0,0,0,0,0,,,,,0,0,0,0,0,0,/1,,sabatc.01
220,Chris Sale*,29,BOS,ALWS,5,0,0,0,0,0,0,0,0,0,0,0,0,,,,,0,0,0,0,0,0,/1,,salech01
221,Luis Severino,24,NYY,AL,2,0,0,0,0,0,0,0,0,0,0,0,0,,,,,0,0,0,0,0,0,/1,,severlu01
222,Tony Sipp*,34,HOU,AL,3,0,0,0,0,0,0,0,0,0,0,0,0,,,,,0,0,0,0,0,0,/1,,sippto01
223,Joe Smith,34,HOU,AL,1,0,0,0,0,0,0,0,0,0,0,0,0,,,,,0,0,0,0,0,0,/1,,smithjo05
224,Chad Sobotka,24,ATL,NL,3,0,0,0,0,0,0,0,0,0,0,0,0,,,,,0,,0,0,,,/*1,,sobotch01
225,Joakim Soria,34,MIL,NL,7,0,0,0,0,0,0,0,0,0,0,0,0,,,,,0,,0,0,,,/*1,,soriajo01
226,Myles Straw,23,HOU,AL,2,0,0,1,0,0,0,0,0,1,0,0,0,,,,,0,,0,0,,,/H7D,,strawmy01
227,Pedro Strop,33,CHC,NL,1,0,0,0,0,0,0,0,0,0,0,0,0,,,,,0,,0,0,,,/*1,,stroppe01
228,Masahiro Tanaka,29,NYY,AL,1,0,0,0,0,0,0,0,0,0,0,0,0,,,,,0,0,0,0,0,0,/1,,tanakma01
229,Stephen Tarpley,25,NYY,AL,1,0,0,0,0,0,0,0,0,0,0,0,0,,,,,0,0,0,0,0,0,/1,,tarplst01
230,Julio Teheran,27,ATL,NL,1,0,0,0,0,0,0,0,0,0,0,0,0,,,,,0,,0,0,,,/1,,teherju01
231,Touki Toussaint,22,ATL,NL,2,0,0,0,0,0,0,0,0,0,0,0,0,,,,,0,,0,0,,,/1,,toussto01
232,Blake Treinen,30,OAK,AL,1,0,0,0,0,0,0,0,0,0,0,0,0,,,,,0,0,0,0,0,0,/*1,,treinbl01
233,Lou Trivino,26,OAK,AL,1,0,0,0,0,0,0,0,0,0,0,0,0,,,,,0,0,0,0,0,0,/*1,,trivilo01
234,Julio Urías*,21,LAD,NLWS,7,0,0,0,0,0,0,0,0,0,0,0,0,,,,,0,,0,0,,,/1,,uriasju01
235,Jonny Venters*,33,ATL,NL,2,0,0,0,0,0,0,0,0,0,0,0,0,,,,,0,,0,0,,,/1,,ventejo01
236,Justin Verlander,35,HOU,AL,3,0,0,0,0,0,0,0,0,0,0,0,0,,,,,0,0,0,0,0,0,/1,,verlaju01
237,Arodys Vizcaíno,27,ATL,NL,2,0,0,0,0,0,0,0,0,0,0,0,0,,,,,0,,0,0,,,/1,,vizcaar01
238,Justin Wilson*,30,CHC,NL,1,0,0,0,0,0,0,0,0,0,0,0,0,,,,,0,,0,0,,,/*1,,wilsoju10
239,Alex Wood,27,LAD,NLWS,9,0,0,0,0,0,0,0,0,0,0,0,0,,,,,0,,0,0,,,/1,,woodal02
240,Brandon Workman,29,BOS,AL,3,0,0,0,0,0,0,0,0,0,0,0,0,,,,,0,0,0,0,0,0,/1,,workmbr01
,MLB Average,,,,,,,,,,,,,,,,,.218,.303,.357,.659,,,,,,,,,-9999