Rk,Player,Age,Team,Lg,G,PA,AB,R,H,2B,3B,HR,RBI,SB,CS,BB,SO,BA,OBP,SLG,OPS,TB,GIDP,HBP,SH,SF,IBB,Pos,Awards,Player-additional
1,Vladimir Guerrero Jr.,26,TOR,ALWS,18,89,73,18,29,5,0,8,15,0,0,14,7,.397,.494,.795,1.289,58,2,1,0,1,6,*3,ALCS MVP,guerrvl02
2,Shohei Ohtani*,30,LAD,NLWS,17,84,68,13,18,3,1,8,14,1,1,16,23,.265,.405,.691,1.096,47,0,0,0,0,9,*D/1,NLCS MVP,ohtansh01
3,Alejandro Kirk,26,TOR,ALWS,18,83,71,11,18,2,0,5,13,0,0,9,13,.254,.349,.493,.842,35,2,2,0,1,1,*2,,kirkal01
4,Mookie Betts,32,LAD,NLWS,17,81,70,4,16,4,1,0,8,0,0,10,9,.229,.333,.314,.648,22,2,1,0,0,1,*6,,bettsmo01
5,Daulton Varsho*,28,TOR,ALWS,18,81,75,12,17,4,1,3,10,0,1,4,19,.227,.284,.427,.711,32,2,2,0,0,0,*8,,varshda01
6,Freddie Freeman*,35,LAD,NLWS,17,80,68,7,15,5,0,2,3,1,0,10,16,.221,.338,.382,.720,26,1,2,0,0,2,*3,,freemfr01
7,Ernie Clement,29,TOR,ALWS,18,77,73,13,30,6,1,1,9,1,0,1,5,.411,.416,.562,.977,41,1,1,0,2,0,*5/4,,clemeer01
8,Teoscar Hernández,32,LAD,NLWS,17,76,70,8,18,1,0,5,13,0,0,5,21,.257,.303,.486,.788,34,1,0,0,1,0,*9,,hernate01
9,Andrés Giménez*,26,TOR,ALWS,18,75,65,10,14,2,0,2,12,1,0,4,16,.215,.288,.338,.626,22,0,3,2,1,1,*6,,gimenan01
10,George Springer,35,TOR,ALWS,16,75,67,14,19,6,0,4,10,0,1,5,17,.284,.347,.552,.899,37,1,2,0,1,0,*D,,springe01
11,Kiké Hernández,33,LAD,NLWS,17,69,64,9,16,4,0,1,7,0,0,4,24,.250,.290,.359,.649,23,0,0,0,1,0,*7/58,,hernaen02
12,Addison Barger*,25,TOR,ALWS,17,68,60,8,22,4,0,3,9,0,0,8,12,.367,.441,.583,1.025,35,0,0,0,0,0,9/5H,,bargead01
13,Nathan Lukes*,30,TOR,ALWS,17,68,62,5,17,4,0,0,8,0,0,5,10,.274,.328,.339,.667,21,1,0,1,0,0,*79/H,,lukesna01
14,Max Muncy*,34,LAD,NLWS,17,68,56,8,12,2,0,3,3,0,0,11,17,.214,.353,.411,.764,23,2,1,0,0,1,*5/H,,muncyma01
15,Tommy Edman#,30,LAD,NLWS,16,67,63,5,14,3,0,2,8,0,0,3,18,.222,.254,.365,.619,23,1,0,0,1,0,*4/8,,edmanto01
16,Will Smith,30,LAD,NLWS,15,66,58,8,16,2,0,2,8,0,0,6,18,.276,.364,.414,.777,24,2,2,0,0,2,*2/H,,smithwi05
17,Randy Arozarena,30,SEA,AL,12,56,48,10,9,1,0,1,2,5,0,4,19,.188,.304,.271,.574,13,1,4,0,0,0,*7,,arozara01
18,Andy Pages,24,LAD,NLWS,16,55,51,2,4,1,0,0,1,0,0,0,11,.078,.113,.098,.211,5,0,2,2,0,0,*89/7,,pagesan01
19,Julio Rodríguez,24,SEA,AL,12,55,48,6,10,2,0,4,9,0,0,7,19,.208,.309,.500,.809,24,2,0,0,0,1,*8,,rodriju01
20,Cal Raleigh#,28,SEA,AL,12,54,46,8,14,2,0,5,8,0,0,8,17,.304,.407,.674,1.081,31,1,0,0,0,3,*2,,raleica01
21,Jorge Polanco#,31,SEA,AL,12,52,48,7,10,1,0,3,8,0,0,4,12,.208,.269,.417,.686,20,1,0,0,0,0,/4D,,polanjo01
22,Josh Naylor*,28,SEA,AL,12,51,47,7,16,2,0,3,5,2,0,4,6,.340,.392,.574,.967,27,1,0,0,0,0,*3,,naylojo01
23,Eugenio Suárez,33,SEA,AL,12,51,47,4,10,1,0,3,8,0,0,4,18,.213,.275,.426,.700,20,2,0,0,0,0,*5,,suareeu01
24,J.P. Crawford*,30,SEA,AL,12,47,40,3,8,1,0,1,4,0,0,4,7,.200,.261,.300,.561,12,1,0,1,2,0,*6,,crawfjp01
25,Isiah Kiner-Falefa,30,TOR,ALWS,15,40,37,4,6,2,0,0,2,1,0,1,4,.162,.184,.216,.400,8,0,0,2,0,0,*4/H,,kineris01
26,Kerry Carpenter*,27,DET,AL,8,39,32,4,9,1,0,2,6,0,0,7,11,.281,.410,.500,.910,16,0,0,0,0,2,/9D,,carpeke01
27,Gleyber Torres,28,DET,AL,8,38,34,2,8,2,0,1,1,0,0,3,10,.235,.316,.382,.698,13,1,1,0,0,1,/*4,,torregl01
28,Christian Yelich*,33,MIL,NL,9,38,33,3,6,1,0,0,0,1,0,5,9,.182,.289,.212,.502,7,0,0,0,0,0,/*D,,yelicch01
29,William Contreras,27,MIL,NL,9,37,34,5,8,1,0,2,3,0,0,3,7,.235,.297,.441,.738,15,2,0,0,0,0,/*2,,contrwi02
30,Spencer Torkelson,25,DET,AL,8,37,32,3,6,3,0,0,6,0,0,3,11,.188,.297,.281,.579,9,0,2,0,0,0,/*3,,torkesp01
31,Brice Turang*,25,MIL,NL,9,37,35,2,4,1,0,1,3,0,0,2,14,.114,.162,.229,.391,8,0,0,0,0,0,/*4,,turanbr02
32,Dillon Dingler,26,DET,AL,8,36,30,3,5,2,0,1,2,0,0,5,10,.167,.306,.333,.639,10,0,1,0,0,0,/*2,,dingldi01
33,Jackson Chourio,21,MIL,NL,9,35,33,3,10,3,0,2,8,0,0,1,9,.303,.314,.576,.890,19,1,0,0,1,0,*/79,,chourja01
34,Riley Greene*,24,DET,AL,8,35,33,4,7,2,0,1,2,0,0,2,9,.212,.257,.364,.621,12,0,0,0,0,1,*/7,,greenri03
35,Víctor Robles,28,SEA,AL,10,35,27,1,3,2,0,0,0,0,2,7,7,.111,.314,.185,.499,5,1,1,0,0,0,*9,,roblevi01
36,Sal Frelick*,25,MIL,NL,9,34,31,2,5,1,0,0,1,1,0,2,5,.161,.206,.194,.399,6,1,0,0,1,0,*/98,,frelisa01
37,Zach McKinstry*,30,DET,AL,8,34,29,2,5,0,0,0,3,1,0,4,10,.172,.273,.172,.445,5,0,0,1,0,0,/*57,,mckinza01
38,Javier Báez,32,DET,AL,8,33,32,3,10,2,0,1,5,1,0,1,3,.313,.333,.469,.802,15,0,0,0,0,0,/*6,,baezja01
39,Caleb Durbin,25,MIL,NL,9,33,29,3,8,2,1,0,2,3,1,3,8,.276,.364,.414,.777,12,1,1,0,0,0,/*5,,durbica01
40,Ian Happ#,30,CHC,NL,8,33,30,3,3,1,0,2,4,0,0,2,13,.100,.156,.333,.490,10,1,0,1,0,0,*/7,,happia01
41,Nico Hoerner,28,CHC,NL,8,33,31,4,13,1,0,1,2,1,1,0,2,.419,.424,.548,.973,17,1,1,0,1,0,/*4,,hoernni01
42,Trent Grisham*,28,NYY,AL,7,32,29,4,4,2,0,0,0,1,0,3,10,.138,.219,.207,.426,6,0,0,0,0,0,*/8,,grishtr01
43,Parker Meadows*,25,DET,AL,8,32,29,3,4,0,0,0,0,0,0,1,10,.138,.167,.138,.305,4,0,0,2,0,0,*/8,,meadopa01
44,Seiya Suzuki,30,CHC,NL,8,32,31,4,7,3,0,3,5,0,0,1,10,.226,.250,.613,.863,19,1,0,0,0,0,*/9,,suzukse01
45,Kyle Tucker*,28,CHC,NL,8,32,27,5,7,0,0,1,1,0,1,5,5,.259,.375,.370,.745,10,0,0,0,0,0,/*D,,tuckeky01
46,Cody Bellinger*,29,NYY,AL,7,31,28,4,6,2,0,1,4,0,0,2,5,.214,.258,.393,.651,11,0,0,0,1,1,*/7,,bellico01
47,Michael Busch*,27,CHC,NL,8,31,27,4,8,0,0,4,4,0,0,3,4,.296,.387,.741,1.128,20,1,1,0,0,1,/*3H,,buschmi02
48,Aaron Judge,33,NYY,AL,7,31,26,5,13,2,0,1,7,0,0,4,5,.500,.581,.692,1.273,18,0,1,0,0,2,*/9,,judgeaa01
49,Carson Kelly,30,CHC,NL,8,30,28,2,5,0,0,1,1,0,0,1,12,.179,.233,.286,.519,8,0,1,0,0,1,/*2,,kellyca02
50,Giancarlo Stanton,35,NYY,AL,7,30,26,1,5,2,0,0,4,0,0,3,6,.192,.267,.269,.536,7,1,0,0,1,0,/*D,,stantmi03
51,Andrew Vaughn,27,MIL,NL,9,30,26,4,4,0,0,2,4,0,0,4,2,.154,.267,.385,.651,10,1,0,0,0,0,/*3H,,vaughan01
52,Dominic Canzone*,27,SEA,AL,11,29,28,1,3,0,0,0,1,0,0,1,10,.107,.138,.107,.245,3,1,0,0,0,0,/D9H,,canzodo01
53,Pete Crow-Armstrong*,23,CHC,NL,8,29,27,0,5,0,0,0,3,1,1,1,12,.185,.214,.185,.399,5,0,0,1,0,0,*/8,,crowape01
54,Dansby Swanson,31,CHC,NL,8,29,26,1,4,1,0,0,1,0,0,3,15,.154,.241,.192,.434,5,0,0,0,0,0,/*6,,swansda01
55,Bo Bichette,27,TOR,WS,7,27,23,2,8,0,0,1,6,0,0,4,4,.348,.444,.478,.923,11,1,0,0,0,0,/*4DH,,bichebo01
56,Anthony Volpe,24,NYY,AL,7,26,26,2,5,1,0,1,2,0,0,0,16,.192,.192,.346,.538,9,1,0,0,0,0,/*6,,volpean01
57,Jazz Chisholm Jr.*,27,NYY,AL,7,25,22,3,4,0,0,1,1,0,0,3,5,.182,.280,.318,.598,7,1,0,0,0,0,/*4,,chishja01
58,Davis Schneider,26,TOR,ALWS,8,24,20,4,4,1,0,1,1,0,0,4,9,.200,.333,.400,.733,8,1,0,0,0,0,/7HD,,schneda03
59,Joey Ortiz,26,MIL,NL,9,23,19,1,2,0,0,0,0,0,0,3,4,.105,.227,.105,.333,2,0,0,1,0,0,/*6,,ortizjo06
60,Matt Shaw,23,CHC,NL,8,23,17,0,2,0,0,0,1,1,0,5,7,.118,.318,.118,.436,2,0,0,1,0,0,/*5,,shawma01
61,Austin Wells*,25,NYY,AL,7,23,22,1,5,0,0,0,3,0,0,1,6,.227,.261,.227,.488,5,0,0,0,0,0,/*2,,wellsau01
62,Ben Rice*,26,NYY,AL,6,21,18,2,4,1,0,1,4,0,0,2,8,.222,.286,.444,.730,8,0,0,0,1,0,/*32H,,ricebe01
63,Leo Rivas#,27,SEA,AL,8,21,17,1,2,0,0,0,1,0,0,4,9,.118,.286,.118,.403,2,0,0,0,0,0,/4HD,,rivasle01
64,Wenceel Pérez#,25,DET,AL,6,20,19,2,2,1,0,0,2,0,0,0,7,.105,.105,.158,.263,3,1,0,1,0,0,/9DH8,,perezwe01
65,Miguel Rojas,36,LAD,NLWS,8,20,18,3,5,0,0,1,2,0,0,0,2,.278,.316,.444,.760,8,0,1,1,0,0,/4H5,,rojasmi02
66,Myles Straw,30,TOR,ALWS,15,19,18,3,2,0,0,0,1,0,0,1,5,.111,.158,.111,.269,2,0,0,0,0,0,*7/H9,,strawmy01
67,Trea Turner,32,PHI,NL,4,19,17,1,4,0,0,0,3,2,0,2,5,.235,.316,.235,.551,4,0,0,0,0,0,/*6,,turnetr01
68,Alec Bohm,28,PHI,NL,4,18,12,3,4,0,0,0,0,0,0,6,1,.333,.556,.333,.889,4,0,0,0,0,2,/*5,,bohmal01
69,Bryce Harper*,32,PHI,NL,4,18,15,1,3,1,0,0,0,0,0,3,3,.200,.333,.267,.600,4,0,0,0,0,0,/*3,,harpebr03
70,Blake Perkins#,28,MIL,NL,7,18,15,1,3,1,0,0,1,0,0,3,6,.200,.333,.267,.600,4,0,0,0,0,0,*/8H,,perkibl01
71,Kyle Schwarber*,32,PHI,NL,4,18,16,2,3,1,0,2,3,0,0,2,8,.188,.278,.625,.903,10,0,0,0,0,0,/*D,,schwaky01
72,Colt Keith*,23,DET,AL,5,17,15,0,1,0,0,0,0,0,1,1,5,.067,.176,.067,.243,1,1,1,0,0,0,/*D,,keithco01
73,J.T. Realmuto,34,PHI,NL,4,17,17,3,6,2,1,1,3,0,0,0,3,.353,.353,.765,1.118,13,0,0,0,0,0,/*2,,realmjt01
74,Anthony Santander#,30,TOR,AL,5,16,15,1,3,0,0,0,2,0,0,1,5,.200,.250,.200,.450,3,0,0,0,0,0,/97,,santaan02
75,Alex Call,30,LAD,NLWS,7,15,11,1,4,0,0,0,0,0,0,3,2,.364,.533,.364,.897,4,0,1,0,0,0,/7H9,,callal02
76,Nick Castellanos,33,PHI,NL,4,15,15,1,2,2,0,0,3,0,0,0,3,.133,.133,.267,.400,4,1,0,0,0,0,*/9H,,casteni01
77,Max Kepler*,32,PHI,NL,4,15,12,3,2,1,1,0,0,1,0,3,2,.167,.333,.417,.750,5,0,0,0,0,0,*/789H,,keplema01
78,Brandon Marsh*,27,PHI,NL,4,15,13,1,1,0,0,0,1,0,1,1,5,.077,.133,.077,.210,1,0,0,0,1,0,*/87,,marshbr02
79,Ryan McMahon*,30,NYY,AL,6,15,14,2,4,0,0,1,1,0,0,1,2,.286,.333,.500,.833,7,0,0,0,0,0,/*5,,mcmahry01
80,Jake Bauers*,29,MIL,NL,6,14,13,1,4,1,0,1,3,1,0,1,3,.308,.357,.615,.973,8,0,0,0,0,0,/37H,,bauerja01
81,Bryson Stott*,27,PHI,NL,4,14,13,0,2,0,0,0,0,1,0,0,4,.154,.154,.154,.308,2,0,0,1,0,0,/*4H,,stottbr01
82,Alex Bregman,31,BOS,AL,3,13,10,0,3,1,0,0,1,0,0,3,2,.300,.462,.400,.862,4,1,0,0,0,0,/*5,,bregmal01
83,Trevor Story,32,BOS,AL,3,13,13,2,5,0,0,1,3,1,0,0,4,.385,.385,.615,1.000,8,0,0,0,0,0,/*6,,storytr01
84,Fernando Tatis Jr.,26,SDP,NL,3,13,12,2,1,0,0,0,0,1,0,1,4,.083,.154,.083,.237,1,0,0,0,0,0,*/9,,tatisfe02
85,Luis Arraez*,28,SDP,NL,3,12,11,0,2,0,0,0,0,1,0,0,1,.182,.182,.182,.364,2,0,0,1,0,0,/*3,,arraelu01
86,Xander Bogaerts,32,SDP,NL,3,12,12,0,4,1,0,0,1,1,0,0,3,.333,.333,.417,.750,5,0,0,0,0,0,/*6,,bogaexa01
87,Jarren Duran*,28,BOS,AL,3,12,11,1,1,0,0,0,0,0,0,0,4,.091,.167,.091,.258,1,0,1,0,0,0,*/7,,duranja01
88,Steven Kwan*,27,CLE,AL,3,12,12,2,2,2,0,0,0,0,0,0,0,.167,.167,.333,.500,4,0,0,0,0,0,*/7,,kwanst01
89,Manny Machado,32,SDP,NL,3,12,10,1,1,0,0,1,2,0,0,2,3,.100,.250,.400,.650,4,0,0,0,0,0,/*5,,machama01
90,Kyle Manzardo*,24,CLE,AL,3,12,11,0,1,0,0,0,0,0,0,1,3,.091,.167,.091,.258,1,1,0,0,0,0,/*D,,manzaky01
91,Jackson Merrill*,22,SDP,NL,3,12,9,2,3,2,0,1,2,0,0,1,2,.333,.364,.889,1.253,8,1,0,1,1,0,*/8,,merrija01
92,Ceddanne Rafaela,24,BOS,AL,3,12,10,2,0,0,0,0,0,0,0,2,4,.000,.167,.000,.167,0,0,0,0,0,0,*/8,,rafaece01
93,José Ramírez#,32,CLE,AL,3,12,8,1,2,0,0,0,1,0,1,4,2,.250,.500,.250,.750,2,0,0,0,0,1,/*5,,ramirjo01
94,Jake Cronenworth*,31,SDP,NL,3,11,11,0,0,0,0,0,0,0,0,0,3,.000,.000,.000,.000,0,0,0,0,0,0,/*4,,croneja01
95,Freddy Fermin,30,SDP,NL,3,11,11,0,4,2,0,0,0,0,0,0,1,.364,.364,.545,.909,6,0,0,0,0,0,/*2,,fermifr01
96,Paul Goldschmidt,37,NYY,AL,6,11,9,1,4,0,0,0,0,0,0,1,1,.444,.545,.444,.990,4,0,1,0,0,0,/*3H,,goldspa01
97,Carlos Narváez,26,BOS,AL,3,11,8,0,0,0,0,0,0,0,0,3,4,.000,.273,.000,.273,0,1,0,0,0,0,/*2,,narvaca01
98,Ryan O'Hearn*,31,SDP,NL,3,11,9,0,2,0,0,0,0,0,0,1,1,.222,.364,.222,.586,2,0,1,0,0,0,/*D,,ohearry01
99,Gabriel Arias,25,CLE,AL,3,10,10,0,2,0,0,0,1,0,0,0,3,.200,.200,.200,.400,2,1,0,0,0,0,/*6,,ariasga01
100,Isaac Collins#,27,MIL,NL,6,10,9,1,0,0,0,0,0,0,0,1,7,.000,.100,.000,.100,0,0,0,0,0,0,/H7,,colliis01
101,TJ Friedl*,29,CIN,NL,2,10,8,0,1,0,0,0,0,0,0,2,3,.125,.300,.125,.425,1,0,0,0,0,0,*/8,,friedtj01
102,Ben Rortvedt*,27,LAD,NL,4,10,7,2,3,1,0,0,1,0,0,0,3,.429,.500,.571,1.071,4,0,1,2,0,0,/2,,rortvbe01
103,Amed Rosario,29,NYY,AL,4,10,10,2,3,1,0,0,1,0,0,0,1,.300,.300,.400,.700,4,0,0,0,0,0,/5H4,,rosaram01
104,Mitch Garver,34,SEA,AL,6,9,7,0,2,0,1,0,1,0,0,1,2,.286,.333,.571,.905,4,0,0,0,1,0,/DH,,garvemi01
105,Romy González,28,BOS,AL,3,9,9,0,1,0,0,0,0,0,0,0,3,.111,.111,.111,.222,1,0,0,0,0,0,/34,,gonzaro01
106,Brayan Rocchio#,24,CLE,AL,3,9,9,2,2,0,0,1,1,0,0,0,3,.222,.222,.556,.778,5,0,0,0,0,0,/*4,,rocchbr01
107,Spencer Steer,27,CIN,NL,2,9,8,0,3,0,0,0,1,0,0,0,2,.375,.444,.375,.819,3,0,1,0,0,0,*/37,,steersp01
108,Elly De La Cruz#,23,CIN,NL,2,8,6,1,0,0,0,0,2,0,0,2,4,.000,.250,.000,.250,0,0,0,0,0,0,/*6,,delacel01
109,Austin Hays,29,CIN,NL,2,8,7,3,1,0,0,0,0,0,0,1,1,.143,.250,.143,.393,1,0,0,0,0,0,*/79,,haysau01
110,Matt McLain,25,CIN,NL,2,8,7,1,2,1,0,0,0,0,0,1,5,.286,.375,.429,.804,3,0,0,0,0,0,/*4,,mclaima01
111,Bo Naylor*,25,CLE,AL,3,8,8,1,1,0,0,1,3,0,0,0,1,.125,.125,.500,.625,4,0,0,0,0,0,/*2H,,naylobo01
112,Tyler Stephenson,28,CIN,NL,2,8,7,0,1,1,0,0,2,0,0,0,4,.143,.125,.286,.411,2,0,0,0,1,0,/*2,,stephty01
113,Chase DeLauter*,,CLE,AL,2,7,6,0,1,0,0,0,0,0,0,1,1,.167,.286,.167,.452,1,1,0,0,0,0,/89,,delauch01
114,CJ Kayfus*,23,CLE,AL,3,7,6,0,1,0,0,0,0,0,0,1,0,.167,.286,.167,.452,1,0,0,0,0,0,/3H,,kayfucj01
115,Nathaniel Lowe*,29,BOS,AL,3,7,7,0,1,0,0,0,0,0,0,0,1,.143,.143,.143,.286,1,1,0,0,0,0,/*3H,,lowena01
116,Nick Sogard#,27,BOS,AL,2,7,6,1,2,1,0,0,0,0,0,0,1,.333,.333,.500,.833,3,0,0,1,0,0,/4,,sogarni01
117,George Valera*,24,CLE,AL,3,7,7,2,2,1,0,1,1,0,0,0,2,.286,.286,.857,1.143,6,0,0,0,0,0,/9H,,valerge01
118,Masataka Yoshida*,31,BOS,AL,3,7,7,0,4,0,0,0,2,0,0,0,1,.571,.571,.571,1.143,4,0,0,0,0,0,/*DH,,yoshima02
119,Nate Eaton,28,BOS,AL,2,6,5,0,2,1,0,0,0,0,0,1,1,.400,.500,.600,1.100,3,1,0,0,0,0,/9,,eatonna01
120,Ke'Bryan Hayes,28,CIN,NL,2,6,6,0,0,0,0,0,0,0,0,0,0,.000,.000,.000,.000,0,0,0,0,0,0,/*5,,hayeske01
121,Gavin Lux*,27,CIN,NL,2,6,6,2,3,0,0,0,0,0,0,0,1,.500,.500,.500,1.000,3,0,0,0,0,0,/DH,,luxga01
122,Rob Refsnyder,34,BOS,AL,2,6,5,0,0,0,0,0,0,0,0,1,2,.000,.167,.000,.167,0,0,0,0,0,0,/D,,refsnro01
123,Gavin Sheets*,29,SDP,NL,3,6,6,0,1,0,0,0,0,0,0,0,1,.167,.167,.167,.333,1,0,0,0,0,0,*/7,,sheetga01
124,Wilyer Abreu*,26,BOS,AL,3,5,5,0,0,0,0,0,0,0,0,0,3,.000,.000,.000,.000,0,0,0,0,0,0,/9H,,abreuwi02
125,Miguel Andujar,30,CIN,NL,2,5,4,1,0,0,0,0,0,0,0,1,1,.000,.200,.000,.200,0,0,0,0,0,0,/DH,,andujmi01
126,José Caballero,28,NYY,AL,3,5,4,0,1,0,0,0,0,0,0,0,1,.250,.400,.250,.650,1,0,1,0,0,0,/5H,,cabaljo01
127,Luke Raley*,30,SEA,AL,4,5,4,1,0,0,0,0,0,0,0,0,2,.000,.200,.000,.200,0,0,1,0,0,0,/*HD9,,raleylu01
128,Sal Stewart,21,CIN,NL,2,5,4,0,2,0,0,0,4,1,0,1,1,.500,.600,.500,1.100,2,0,0,0,0,0,/*35,,stewasa02
129,Harrison Bader,31,PHI,NL,3,4,2,0,1,0,0,0,1,0,0,0,1,.500,.500,.500,1.000,1,0,1,0,1,0,/H8,,baderha01
130,Ty France,30,TOR,WS,2,4,4,0,1,0,0,0,1,0,0,0,1,.250,.250,.250,.500,1,0,0,0,0,0,/HD,,francty01
131,Jahmai Jones,27,DET,AL,4,4,2,2,1,1,0,0,1,0,0,2,1,.500,.750,1.000,1.750,2,0,0,0,0,0,/HD,,jonesja08
132,Noelvi Marté,23,CIN,NL,2,4,3,1,0,0,0,0,0,0,0,1,2,.000,.250,.000,.250,0,0,0,0,0,0,*/9,,marteno01
133,Moisés Ballesteros*,21,CHC,NL,3,3,3,0,0,0,0,0,0,0,0,0,1,.000,.000,.000,.000,0,0,0,0,0,0,/H,,ballemo01
134,Austin Hedges,32,CLE,AL,1,3,1,0,0,0,0,0,0,0,0,2,1,.000,.667,.000,.667,0,0,0,0,0,0,/2,,hedgeau01
135,Tyler Heineman#,34,TOR,ALWS,2,3,3,0,0,0,0,0,0,0,0,0,1,.000,.000,.000,.000,0,0,0,0,0,0,/2H,,heinety01
136,Bryce Johnson#,29,SDP,NL,2,3,2,0,0,0,0,0,0,0,0,0,1,.000,.333,.000,.333,0,0,1,0,0,0,/7,,johnsbr03
137,Angel Martínez#,23,CLE,AL,1,3,3,1,1,0,0,0,0,0,0,0,2,.333,.333,.333,.667,1,0,0,0,0,0,/8,,martian02
138,Jhonkensy Noel,23,CLE,AL,1,3,3,0,0,0,0,0,0,0,0,0,3,.000,.000,.000,.000,0,0,0,0,0,0,/3,,noeljh01
139,Johnathan Rodríguez,25,CLE,AL,2,3,3,0,0,0,0,0,0,0,0,0,2,.000,.000,.000,.000,0,0,0,0,0,0,/9H,,rodrijo10
140,Daniel Schneemann*,28,CLE,AL,3,3,3,1,1,1,0,0,1,0,0,0,1,.333,.333,.667,1.000,2,0,0,0,0,0,/*H89D,,schneda04
141,Edmundo Sosa,29,PHI,NL,2,3,3,0,1,0,0,0,0,0,0,0,1,.333,.333,.333,.667,1,0,0,0,0,0,/4H,,sosaed01
142,Will Benson*,27,CIN,NL,1,2,1,0,0,0,0,0,0,0,0,1,1,.000,.500,.000,.500,0,0,0,0,0,0,/9H,,bensowi01
143,Jose Iglesias,35,SDP,NL,2,2,2,0,0,0,0,0,0,0,0,0,0,.000,.000,.000,.000,0,0,0,0,0,0,/H,,iglesjo01
144,Otto Kemp,25,PHI,NL,1,2,2,0,0,0,0,0,0,0,0,0,2,.000,.000,.000,.000,0,0,0,0,0,0,/7,,kempot01
145,Brandon Lockridge,28,MIL,NL,4,2,2,0,0,0,0,0,0,0,0,0,1,.000,.000,.000,.000,0,0,0,0,0,0,/78H,,lockrbr01
146,Justin Turner,40,CHC,NL,1,2,2,0,1,0,0,0,0,0,0,0,0,.500,.500,.500,1.000,1,0,0,0,0,0,/3,,turneju01
147,Jasson Domínguez#,22,NYY,AL,1,1,1,1,1,1,0,0,0,0,0,0,0,1.000,1.000,2.000,3.000,2,0,0,0,0,0,/H,,dominja01
148,Harry Ford,22,SEA,AL,1,1,1,0,1,0,0,0,0,0,0,0,0,1.000,1.000,1.000,2.000,1,0,0,0,0,0,/H,,fordha01
149,Andy Ibáñez,32,DET,AL,2,1,1,0,1,0,0,0,1,0,0,0,0,1.000,1.000,1.000,2.000,1,0,0,0,0,0,/5H,,ibanean01
150,Joey Loperfido*,26,TOR,AL,1,1,1,0,0,0,0,0,0,0,0,0,0,.000,.000,.000,.000,0,0,0,0,0,0,/DH,,loperjo01
151,Justyn-Henry Malloy,25,DET,AL,1,1,1,0,0,0,0,0,0,0,0,0,1,.000,.000,.000,.000,0,0,0,0,0,0,/H,,malloju02
152,Miles Mastrobuoni*,29,SEA,AL,1,1,1,0,0,0,0,0,0,0,0,0,1,.000,.000,.000,.000,0,0,0,0,0,0,/3H,,mastrmi01
153,Andruw Monasterio,28,MIL,NL,4,1,0,0,0,0,0,0,0,0,0,1,0,,1.000,,,0,0,0,0,0,0,/6,,monasan01
154,Jake Rogers,30,DET,AL,1,1,1,1,1,0,0,0,0,0,0,0,0,1.000,1.000,1.000,2.000,1,0,0,0,0,0,/DH,,rogerja03
155,Dalton Rushing*,24,LAD,NL,1,1,1,0,0,0,0,0,0,0,0,0,1,.000,.000,.000,.000,0,0,0,0,0,0,/H,,rushida01
156,Grant Anderson,28,MIL,NL,2,0,0,0,0,0,0,0,0,0,0,0,0,,,,,0,0,0,0,0,0,/1,,andergr01
157,Aaron Ashby,27,MIL,NL,7,0,0,0,0,0,0,0,0,0,0,0,0,,,,,0,0,0,0,0,0,/*1,,ashbyaa01
158,Graham Ashcraft*,27,CIN,NL,1,0,0,0,0,0,0,0,0,0,0,0,0,,,,,0,0,0,0,0,0,/1,,ashcrgr01
159,Anthony Banda*,31,LAD,NLWS,7,0,0,0,0,0,0,0,0,0,0,0,0,,,,,0,0,0,0,0,0,/1,,bandaan01
160,Tanner Banks,33,PHI,NL,2,0,0,0,0,0,0,0,0,0,0,0,0,,,,,0,0,0,0,0,0,/1,,banksta01
161,Scott Barlow,32,CIN,NL,1,0,0,0,0,0,0,0,0,0,0,0,0,,,,,0,0,0,0,0,0,/1,,barlosc01
162,Chris Bassitt,36,TOR,ALWS,7,0,0,0,0,0,0,0,0,0,0,0,0,,,,,0,0,0,0,0,0,/1,,bassich01
163,Eduard Bazardo,29,SEA,AL,9,0,0,0,0,0,0,0,0,0,0,0,0,,,,,0,0,0,0,0,0,/*1,,bazared01
164,David Bednar*,30,NYY,AL,5,0,0,0,0,0,0,0,0,0,0,0,0,,,,,0,0,0,0,0,0,/*1,,bednada01
165,Brayan Bello,26,BOS,AL,1,0,0,0,0,0,0,0,0,0,0,0,0,,,,,0,0,0,0,0,0,/1,,bellobr01
166,Tanner Bibee,26,CLE,AL,1,0,0,0,0,0,0,0,0,0,0,0,0,,,,,0,0,0,0,0,0,/1,,bibeeta01
167,Shane Bieber,30,TOR,ALWS,5,0,0,0,0,0,0,0,0,0,0,0,0,,,,,0,0,0,0,0,0,/1,,biebesh01
168,Paul Blackburn,31,NYY,AL,1,0,0,0,0,0,0,0,0,0,0,0,0,,,,,0,0,0,0,0,0,/1,,blackpa01
169,Matthew Boyd*,34,CHC,NL,3,0,0,0,0,0,0,0,0,0,0,0,0,,,,,0,0,0,0,0,0,/1,,boydma01
170,Matt Brash,27,SEA,AL,8,0,0,0,0,0,0,0,0,0,0,0,0,,,,,0,0,0,0,0,0,/1,,brashma01
171,Ben Brown,25,CHC,NL,1,0,0,0,0,0,0,0,0,0,0,0,0,,,,,0,0,0,0,0,0,/1,,brownbe02
172,Justin Bruihl*,28,TOR,AL,1,0,0,0,0,0,0,0,0,0,0,0,0,,,,,0,0,0,0,0,0,/1,,bruihju01
173,Chase Burns,22,CIN,NL,1,0,0,0,0,0,0,0,0,0,0,0,0,,,,,0,0,0,0,0,0,/1,,burnsch01
174,Joey Cantillo*,25,CLE,AL,1,0,0,0,0,0,0,0,0,0,0,0,0,,,,,0,0,0,0,0,0,/1,,cantijo01
175,Luis Castillo,32,SEA,AL,3,0,0,0,0,0,0,0,0,0,0,0,0,,,,,0,0,0,0,0,0,/1,,castilu02
176,Willi Castro#,28,CHC,NL,2,0,0,0,0,0,0,0,0,0,0,0,0,,,,,0,,0,0,,0,/5,,castrwi01
177,Dylan Cease,29,SDP,NL,1,0,0,0,0,0,0,0,0,0,0,0,0,,,,,0,0,0,0,0,0,/1,,ceasedy01
178,Slade Cecconi,26,CLE,AL,1,0,0,0,0,0,0,0,0,0,0,0,0,,,,,0,0,0,0,0,0,/1,,ceccosl01
179,Aroldis Chapman*,37,BOS,AL,2,0,0,0,0,0,0,0,0,0,0,0,0,,,,,0,0,0,0,0,0,/1,,chapmar01
180,Aaron Civale,30,CHC,NL,1,0,0,0,0,0,0,0,0,0,0,0,0,,,,,0,0,0,0,0,0,/1,,civalaa01
181,Garrett Crochet*,26,BOS,AL,1,0,0,0,0,0,0,0,0,0,0,0,0,,,,,0,0,0,0,0,0,/1,,crochga01
182,Fernando Cruz#,35,NYY,AL,4,0,0,0,0,0,0,0,0,0,0,0,0,,,,,0,0,0,0,0,0,/1,,cruzfe01
183,Yu Darvish,38,SDP,NL,1,0,0,0,0,0,0,0,0,0,0,0,0,,,,,0,0,0,0,0,0,/1,,darviyu01
184,Justin Dean,28,LAD,NLWS,13,0,0,1,0,0,0,0,0,1,0,0,0,,,,,0,,0,0,,0,*8/H,,deanju01
185,Seranthony Domínguez,30,TOR,ALWS,12,0,0,0,0,0,0,0,0,0,0,0,0,,,,,0,0,0,0,0,0,1,,dominse01
186,Camilo Doval,27,NYY,AL,3,0,0,0,0,0,0,0,0,0,0,0,0,,,,,0,0,0,0,0,0,/*1,,dovalca01
187,Jack Dreyer,26,LAD,NLWS,4,0,0,0,0,0,0,0,0,0,0,0,0,,,,,0,0,0,0,0,0,/1,,dreyeja01
188,Jhoan Duran,27,PHI,NL,3,0,0,0,0,0,0,0,0,0,0,0,0,,,,,0,0,0,0,0,0,/*1,,duranjh01
189,Connelly Early*,23,BOS,AL,1,0,0,0,0,0,0,0,0,0,0,0,0,,,,,0,0,0,0,0,0,/1,,earlyco01
190,Jeremiah Estrada#,26,SDP,NL,2,0,0,0,0,0,0,0,0,0,0,0,0,,,,,0,0,0,0,0,0,/1,,estraje01
191,Caleb Ferguson,28,SEA,AL,3,0,0,0,0,0,0,0,0,0,0,0,0,,,,,0,0,0,0,0,0,/1,,ferguca01
192,Matt Festa,32,CLE,AL,1,0,0,0,0,0,0,0,0,0,0,0,0,,,,,0,0,0,0,0,0,/1,,festama01
193,Kyle Finnegan,33,DET,AL,6,0,0,0,0,0,0,0,0,0,0,0,0,,,,,0,0,0,0,0,0,/*1,,finneky01
194,Braydon Fisher,24,TOR,ALWS,8,0,0,0,0,0,0,0,0,0,0,0,0,,,,,0,0,0,0,0,0,/1,,fishebr02
195,Jack Flaherty,29,DET,AL,3,0,0,0,0,0,0,0,0,0,0,0,0,,,,,0,0,0,0,0,0,/1,,flaheja01
196,Mason Fluharty,23,TOR,ALWS,11,0,0,0,0,0,0,0,0,0,0,0,0,,,,,0,0,0,0,0,0,1,,fluhama01
197,Max Fried*,31,NYY,AL,2,0,0,0,0,0,0,0,0,0,0,0,0,,,,,0,0,0,0,0,0,/1,,friedma01
198,Hunter Gaddis,27,CLE,AL,3,0,0,0,0,0,0,0,0,0,0,0,0,,,,,0,0,0,0,0,0,/*1,,gaddihu01
199,Robert Gasser*,26,MIL,NL,2,0,0,0,0,0,0,0,0,0,0,0,0,,,,,0,0,0,0,0,0,/1,,gassero01
200,Kevin Gausman*,34,TOR,ALWS,6,0,0,0,0,0,0,0,0,0,0,0,0,,,,,0,0,0,0,0,0,/1,,gausmke01
201,Luis Gil,27,NYY,AL,1,0,0,0,0,0,0,0,0,0,0,0,0,,,,,0,0,0,0,0,0,/1,,gillu01
202,Logan Gilbert,28,SEA,AL,4,0,0,0,0,0,0,0,0,0,0,0,0,,,,,0,0,0,0,0,0,/1,,gilbelo01
203,Tyler Glasnow*,31,LAD,NLWS,6,0,0,0,0,0,0,0,0,0,0,0,0,,,,,0,0,0,0,0,0,/1,,glasnty01
204,Hunter Greene,25,CIN,NL,1,0,0,0,0,0,0,0,0,0,0,0,0,,,,,0,0,0,0,0,0,/1,,greenhu01
205,Petey Halpin*,23,CLE,AL,2,0,0,0,0,0,0,0,0,0,0,0,0,,,,,0,,0,0,,0,/8H,,halpipe01
206,Emerson Hancock,26,SEA,AL,2,0,0,0,0,0,0,0,0,0,0,0,0,,,,,0,0,0,0,0,0,/1,,hancoem01
207,Brenan Hanifee,27,DET,AL,1,0,0,0,0,0,0,0,0,0,0,0,0,,,,,0,0,0,0,0,0,/1,,hanifbr01
208,Edgardo Henriquez,23,LAD,NLWS,3,0,0,0,0,0,0,0,0,0,0,0,0,,,,,0,0,0,0,0,0,/1,,henried01
209,Tim Herrin*,28,CLE,AL,2,0,0,0,0,0,0,0,0,0,0,0,0,,,,,0,0,0,0,0,0,/1,,herriti01
210,Tim Hill,35,NYY,AL,3,0,0,0,0,0,0,0,0,0,0,0,0,,,,,0,0,0,0,0,0,/1,,hillti01
211,Jeff Hoffman,32,TOR,ALWS,10,0,0,0,0,0,0,0,0,0,0,0,0,,,,,0,0,0,0,0,0,1,,hoffmje02
212,Tyler Holton*,29,DET,AL,5,0,0,0,0,0,0,0,0,0,0,0,0,,,,,0,0,0,0,0,0,/1,,holtoty01
213,Brant Hurter*,26,DET,AL,4,0,0,0,0,0,0,0,0,0,0,0,0,,,,,0,0,0,0,0,0,/1,,hurtebr01
214,Shota Imanaga*,31,CHC,NL,2,0,0,0,0,0,0,0,0,0,0,0,0,,,,,0,0,0,0,0,0,/1,,imanash01
215,Luke Jackson,33,SEA,AL,2,0,0,0,0,0,0,0,0,0,0,0,0,,,,,0,0,0,0,0,0,/1,,jackslu01
216,Jakob Junis,32,CLE,AL,2,0,0,0,0,0,0,0,0,0,0,0,0,,,,,0,0,0,0,0,0,/1,,junisja01
217,Tommy Kahnle,35,DET,AL,4,0,0,0,0,0,0,0,0,0,0,0,0,,,,,0,0,0,0,0,0,/1,,kahnlto01
218,Brad Keller,29,CHC,NL,5,0,0,0,0,0,0,0,0,0,0,0,0,,,,,0,0,0,0,0,0,/1,,kellebr01
219,Zack Kelly,30,BOS,AL,1,0,0,0,0,0,0,0,0,0,0,0,0,,,,,0,0,0,0,0,0,/1,,kellyza01
220,Orion Kerkering,24,PHI,NL,4,0,0,0,0,0,0,0,0,0,0,0,0,,,,,0,0,0,0,0,0,/*1,,kerkeor01
221,Clayton Kershaw*,37,LAD,NLWS,2,0,0,0,0,0,0,0,0,0,0,0,0,,,,,0,0,0,0,0,0,/1,,kershcl01
222,Hyeseong Kim*,26,LAD,NLWS,2,0,0,1,0,0,0,0,0,0,0,0,0,,,,,0,,0,0,,0,/4H,,kimhy02
223,Michael King,30,SDP,NL,1,0,0,0,0,0,0,0,0,0,0,0,0,,,,,0,0,0,0,0,0,/1,,kingmi01
224,George Kirby,27,SEA,AL,4,0,0,0,0,0,0,0,0,0,0,0,0,,,,,0,0,0,0,0,0,/1,,kirbyge01
225,Andrew Kittredge,35,CHC,NL,5,0,0,0,0,0,0,0,0,0,0,0,0,,,,,0,0,0,0,0,0,/1,,kittran01
226,Will Klein,25,LAD,WS,2,0,0,0,0,0,0,0,0,0,0,0,0,,,,,0,0,0,0,0,0,/1,,kleinwi01
227,Jared Koenig,31,MIL,NL,6,0,0,0,0,0,0,0,0,0,0,0,0,,,,,0,0,0,0,0,0,/1,,koenija01
228,Eric Lauer,30,TOR,ALWS,5,0,0,0,0,0,0,0,0,0,0,0,0,,,,,0,0,0,0,0,0,/1,,lauerer01
229,Zack Littell,29,CIN,NL,1,0,0,0,0,0,0,0,0,0,0,0,0,,,,,0,0,0,0,0,0,/1,,litteza01
230,Brendon Little*,28,TOR,ALWS,6,0,0,0,0,0,0,0,0,0,0,0,0,,,,,0,0,0,0,0,0,/1,,littlbr02
231,Nick Lodolo*,27,CIN,NL,1,0,0,0,0,0,0,0,0,0,0,0,0,,,,,0,0,0,0,0,0,/1,,lodolni01
232,Jesús Luzardo*,27,PHI,NL,2,0,0,0,0,0,0,0,0,0,0,0,0,,,,,0,0,0,0,0,0,/1,,luzarje01
233,Nick Martinez*,34,CIN,NL,1,0,0,0,0,0,0,0,0,0,0,0,0,,,,,0,0,0,0,0,0,/1,,martini01
234,Steven Matz,34,BOS,AL,2,0,0,0,0,0,0,0,0,0,0,0,0,,,,,0,0,0,0,0,0,/1,,matzst01
235,Nick Mears,28,MIL,NL,3,0,0,0,0,0,0,0,0,0,0,0,0,,,,,0,0,0,0,0,0,/1,,mearsni01
236,Trevor Megill*,31,MIL,NL,5,0,0,0,0,0,0,0,0,0,0,0,0,,,,,0,0,0,0,0,0,/1,,megiltr01
237,Troy Melton,24,DET,AL,4,0,0,0,0,0,0,0,0,0,0,0,0,,,,,0,0,0,0,0,0,/1,,meltotr01
238,Bryce Miller,26,SEA,AL,3,0,0,0,0,0,0,0,0,0,0,0,0,,,,,0,0,0,0,0,0,/1,,millebr04
239,Mason Miller,26,SDP,NL,2,0,0,0,0,0,0,0,0,0,0,0,0,,,,,0,0,0,0,0,0,/1,,millema03
240,Jacob Misiorowski,23,MIL,NL,3,0,0,0,0,0,0,0,0,0,0,0,0,,,,,0,0,0,0,0,0,/1,,misioja01
241,Casey Mize,28,DET,AL,2,0,0,0,0,0,0,0,0,0,0,0,0,,,,,0,0,0,0,0,0,/1,,mizeca01
242,Keider Montero,24,DET,AL,3,0,0,0,0,0,0,0,0,0,0,0,0,,,,,0,0,0,0,0,0,/1,,monteke01
243,Rafael Montero,34,DET,AL,1,0,0,0,0,0,0,0,0,0,0,0,0,,,,,0,0,0,0,0,0,/1,,montera01
244,Adrián Morejón*,26,SDP,NL,3,0,0,0,0,0,0,0,0,0,0,0,0,,,,,0,0,0,0,0,0,/*1,,morejad01
245,David Morgan,25,SDP,NL,1,0,0,0,0,0,0,0,0,0,0,0,0,,,,,0,0,0,0,0,0,/1,,morgada01
246,Andrés Muñoz,26,SEA,AL,7,0,0,0,0,0,0,0,0,0,0,0,0,,,,,0,0,0,0,0,0,/1,,munozan01
247,Tobias Myers,26,MIL,NL,1,0,0,0,0,0,0,0,0,0,0,0,0,,,,,0,0,0,0,0,0,/1,,myersto01
248,Tommy Nance,34,TOR,AL,2,0,0,0,0,0,0,0,0,0,0,0,0,,,,,0,0,0,0,0,0,/1,,nanceto01
249,Aaron Nola,32,PHI,NL,1,0,0,0,0,0,0,0,0,0,0,0,0,,,,,0,0,0,0,0,0,/1,,nolaaa01
250,Daniel Palencia,25,CHC,NL,6,0,0,0,0,0,0,0,0,0,0,0,0,,,,,0,0,0,0,0,0,/*1,,palenda01
251,Chad Patrick,26,MIL,NL,6,0,0,0,0,0,0,0,0,0,0,0,0,,,,,0,0,0,0,0,0,/1,,patrich01
252,Freddy Peralta,29,MIL,NL,3,0,0,0,0,0,0,0,0,0,0,0,0,,,,,0,0,0,0,0,0,/1,,peralfr01
253,Wandy Peralta*,33,SDP,NL,2,0,0,0,0,0,0,0,0,0,0,0,0,,,,,0,0,0,0,0,0,/1,,peralwa01
254,Connor Phillips,24,CIN,NL,1,0,0,0,0,0,0,0,0,0,0,0,0,,,,,0,0,0,0,0,0,/1,,phillco01
255,Nick Pivetta,32,SDP,NL,1,0,0,0,0,0,0,0,0,0,0,0,0,,,,,0,0,0,0,0,0,/1,,pivetni01
256,Drew Pomeranz,36,CHC,NL,6,0,0,0,0,0,0,0,0,0,0,0,0,,,,,0,0,0,0,0,0,/*1,,pomerdr01
257,Quinn Priester,24,MIL,NL,2,0,0,0,0,0,0,0,0,0,0,0,0,,,,,0,0,0,0,0,0,/1,,priesqu01
258,Jose Quintana,36,MIL,NL,2,0,0,0,0,0,0,0,0,0,0,0,0,,,,,0,0,0,0,0,0,/1,,quintjo01
259,Colin Rea,34,CHC,NL,3,0,0,0,0,0,0,0,0,0,0,0,0,,,,,0,0,0,0,0,0,/1,,reaco01
260,David Robertson,40,PHI,NL,1,0,0,0,0,0,0,0,0,0,0,0,0,,,,,0,0,0,0,0,0,/1,,roberda08
261,Carlos Rodón*,32,NYY,AL,2,0,0,0,0,0,0,0,0,0,0,0,0,,,,,0,0,0,0,0,0,/1,,rodonca01
262,Yariel Rodríguez,28,TOR,AL,4,0,0,0,0,0,0,0,0,0,0,0,0,,,,,0,0,0,0,0,0,/1,,rodriya01
263,Taylor Rogers*,34,CHC,NL,1,0,0,0,0,0,0,0,0,0,0,0,0,,,,,0,0,0,0,0,0,/1,,rogerta01
264,Erik Sabrowski,27,CLE,AL,3,0,0,0,0,0,0,0,0,0,0,0,0,,,,,0,0,0,0,0,0,/*1,,sabroer01
265,Cristopher Sánchez*,28,PHI,NL,2,0,0,0,0,0,0,0,0,0,0,0,0,,,,,0,0,0,0,0,0,/1,,sanchcr01
266,Tony Santillan,28,CIN,NL,1,0,0,0,0,0,0,0,0,0,0,0,0,,,,,0,0,0,0,0,0,/1,,santito01
267,Roki Sasaki,23,LAD,NLWS,9,0,0,0,0,0,0,0,0,0,0,0,0,,,,,0,0,0,0,0,0,/1,,sasakro01
268,Max Scherzer,40,TOR,ALWS,3,0,0,0,0,0,0,0,0,0,0,0,0,,,,,0,0,0,0,0,0,/1,,scherma01
269,Cam Schlittler,24,NYY,AL,2,0,0,0,0,0,0,0,0,0,0,0,0,,,,,0,0,0,0,0,0,/1,,schlica01
270,Emmet Sheehan,25,LAD,NLWS,6,0,0,0,0,0,0,0,0,0,0,0,0,,,,,0,0,0,0,0,0,/1,,sheehem01
271,Tarik Skubal,28,DET,AL,3,0,0,0,0,0,0,0,0,0,0,0,0,,,,,0,0,0,0,0,0,/1,,skubata01
272,Justin Slaten,27,BOS,AL,2,0,0,0,0,0,0,0,0,0,0,0,0,,,,,0,0,0,0,0,0,/1,,slateju01
273,Cade Smith,26,CLE,AL,3,0,0,0,0,0,0,0,0,0,0,0,0,,,,,0,0,0,0,0,0,/*1,,smithca06
274,Blake Snell*,32,LAD,NLWS,6,0,0,0,0,0,0,0,0,0,0,0,0,,,,,0,0,0,0,0,0,/1,,snellbl01
275,Michael Soroka,27,CHC,NL,2,0,0,0,0,0,0,0,0,0,0,0,0,,,,,0,0,0,0,0,0,/1,,sorokmi01
276,Gabe Speier*,30,SEA,AL,7,0,0,0,0,0,0,0,0,0,0,0,0,,,,,0,0,0,0,0,0,/1,,speiega01
277,Matt Strahm,33,PHI,NL,3,0,0,0,0,0,0,0,0,0,0,0,0,,,,,0,0,0,0,0,0,/*1,,strahma01
278,Ranger Suarez*,29,PHI,NL,1,0,0,0,0,0,0,0,0,0,0,0,0,,,,,0,0,0,0,0,0,/1,,suarera01
279,Robert Suarez,34,SDP,NL,2,0,0,0,0,0,0,0,0,0,0,0,0,,,,,0,0,0,0,0,0,/1,,suarero01
280,Brent Suter*,35,CIN,NL,1,0,0,0,0,0,0,0,0,0,0,0,0,,,,,0,0,0,0,0,0,/1,,suterbr01
281,Jameson Taillon,33,CHC,NL,2,0,0,0,0,0,0,0,0,0,0,0,0,,,,,0,0,0,0,0,0,/1,,taillja01
282,Caleb Thielbar,38,CHC,NL,5,0,0,0,0,0,0,0,0,0,0,0,0,,,,,0,0,0,0,0,0,/1,,thielca01
283,Payton Tolle*,22,BOS,AL,1,0,0,0,0,0,0,0,0,0,0,0,0,,,,,0,0,0,0,0,0,/1,,tollepa01
284,Blake Treinen,37,LAD,NLWS,10,0,0,0,0,0,0,0,0,0,0,0,0,,,,,0,0,0,0,0,0,1,,treinbl01
285,Abner Uribe,25,MIL,NL,5,0,0,0,0,0,0,0,0,0,0,0,0,,,,,0,0,0,0,0,0,/1,,uribeab01
286,Carlos Vargas,25,SEA,AL,6,0,0,0,0,0,0,0,0,0,0,0,0,,,,,0,0,0,0,0,0,/1,,vargaca01
287,Louis Varland*,27,TOR,ALWS,15,0,0,0,0,0,0,0,0,0,0,0,0,,,,,0,0,0,0,0,0,*1,,varlalo01
288,Alex Vesia*,29,LAD,NL,7,0,0,0,0,0,0,0,0,0,0,0,0,,,,,0,0,0,0,0,0,/*1,,vesiaal01
289,Will Vest,30,DET,AL,5,0,0,0,0,0,0,0,0,0,0,0,0,,,,,0,0,0,0,0,0,/1,,vestwi01
290,Taijuan Walker#,32,PHI,NL,1,0,0,0,0,0,0,0,0,0,0,0,0,,,,,0,0,0,0,0,0,/1,,walketa01
291,Will Warren,26,NYY,AL,1,0,0,0,0,0,0,0,0,0,0,0,0,,,,,0,0,0,0,0,0,/1,,warrewi01
292,Luke Weaver,31,NYY,AL,3,0,0,0,0,0,0,0,0,0,0,0,0,,,,,0,0,0,0,0,0,/1,,weavelu01
293,Greg Weissert,30,BOS,AL,1,0,0,0,0,0,0,0,0,0,0,0,0,,,,,0,0,0,0,0,0,/1,,weissgr01
294,Garrett Whitlock,29,BOS,AL,1,0,0,0,0,0,0,0,0,0,0,0,0,,,,,0,0,0,0,0,0,/1,,whitlga01
295,Devin Williams,30,NYY,AL,4,0,0,0,0,0,0,0,0,0,0,0,0,,,,,0,0,0,0,0,0,/1,,willide03
296,Gavin Williams*,25,CLE,AL,1,0,0,0,0,0,0,0,0,0,0,0,0,,,,,0,0,0,0,0,0,/1,,williga01
297,Justin Wilson*,37,BOS,AL,1,0,0,0,0,0,0,0,0,0,0,0,0,,,,,0,0,0,0,0,0,/1,,wilsoju10
298,Weston Wilson,30,PHI,NL,3,0,0,0,0,0,0,0,0,0,0,0,0,,,,,0,,0,0,,0,/7H,,wilsowe01
299,Bryan Woo,25,SEA,AL,2,0,0,0,0,0,0,0,0,0,0,0,0,,,,,0,0,0,0,0,0,/1,,woobr01
300,Justin Wrobleski*,24,LAD,WS,4,0,0,0,0,0,0,0,0,0,0,0,0,,,,,0,0,0,0,0,0,/1,,wroblju01
301,Yoshinobu Yamamoto,26,LAD,NLWS,6,0,0,0,0,0,0,0,0,0,0,0,0,,,,,0,0,0,0,0,0,/1,WS MVP,yamamyo01
302,Trey Yesavage,21,TOR,ALWS,6,0,0,0,0,0,0,0,0,0,0,0,0,,,,,0,0,0,0,0,0,/1,,yesavtr01
,MLB Average,,,,,,,,,,,,,,,,,.231,.308,.384,.692,,,,,,,,,-9999