Rk,Player,Age,Team,Lg,G,PA,AB,R,H,2B,3B,HR,RBI,SB,CS,BB,SO,BA,OBP,SLG,OPS,TB,GIDP,HBP,SH,SF,IBB,Pos,Awards,Player-additional
1,Alcides Escobar,28,KCR,ALWS,16,77,70,13,23,4,3,1,9,1,0,0,10,.329,.347,.514,.861,36,1,3,2,2,0,*6,ALCS MVP,escobal02
2,Ben Zobrist#,34,KCR,ALWS,16,75,66,15,20,8,0,2,6,1,0,7,6,.303,.365,.515,.880,34,2,0,1,1,2,*4,,zobribe01
3,Lorenzo Cain,29,KCR,ALWS,16,74,62,11,16,2,0,1,11,6,1,11,14,.258,.365,.339,.704,21,1,0,0,1,3,*8,,cainlo01
4,Eric Hosmer*,25,KCR,ALWS,16,72,66,10,14,2,0,1,17,1,0,3,17,.212,.236,.288,.524,19,0,0,0,3,1,*3,,hosmeer01
5,Mike Moustakas*,26,KCR,ALWS,16,70,65,5,14,1,0,1,8,0,0,3,8,.215,.257,.277,.534,18,1,1,0,1,0,*5,,moustmi01
6,Curtis Granderson*,34,NYM,NLWS,14,64,53,10,15,2,0,3,12,4,2,9,7,.283,.375,.491,.866,26,0,0,0,2,0,*9,,grandcu01
7,Daniel Murphy*,30,NYM,NLWS,14,64,58,13,19,2,0,7,11,1,1,6,13,.328,.391,.724,1.115,42,1,0,0,0,1,*4/3,NLCS MVP,murphda08
8,Salvador Perez,25,KCR,ALWS,16,64,58,10,15,3,0,4,8,0,0,4,9,.259,.328,.517,.845,30,1,2,0,0,0,*2,WS MVP,perezsa02
9,David Wright,32,NYM,NLWS,14,64,54,7,10,2,0,1,7,1,1,10,20,.185,.313,.278,.590,15,2,0,0,0,1,*5,,wrighda03
10,Alex Gordon*,31,KCR,ALWS,16,63,54,10,13,4,0,2,6,0,0,8,14,.241,.349,.426,.775,23,2,1,0,0,0,*7,,gordoal01
11,Travis d'Arnaud,26,NYM,NLWS,14,57,55,5,10,1,0,3,7,0,0,0,17,.182,.193,.364,.557,20,2,1,0,1,0,*2,,darnatr01
12,Yoenis Céspedes,29,NYM,NLWS,14,56,54,7,12,1,0,2,8,1,0,1,17,.222,.232,.352,.584,19,1,0,0,1,0,*78,,cespeyo01
13,Kendrys Morales#,32,KCR,ALWS,16,56,51,5,13,0,0,4,10,0,0,4,12,.255,.304,.490,.794,25,0,0,0,1,0,*D/H,,moralke01
14,Lucas Duda*,29,NYM,NLWS,14,54,47,3,11,2,0,1,8,0,0,5,20,.234,.302,.340,.642,16,0,0,1,1,0,*3,,dudalu01
15,Ben Revere*,27,TOR,AL,11,51,47,7,12,1,0,0,1,2,0,4,7,.255,.314,.277,.590,13,0,0,0,0,0,*7,,reverbe01
16,Alex Ríos,34,KCR,ALWS,16,51,48,6,13,2,0,1,6,1,1,3,10,.271,.314,.375,.689,18,0,0,0,0,0,*9,,riosal01
17,José Bautista,34,TOR,AL,11,49,41,7,12,3,0,4,11,0,0,8,7,.293,.408,.659,1.067,27,0,0,0,0,0,*9,,bautijo02
18,Josh Donaldson,29,TOR,AL,11,48,41,9,10,3,0,3,8,1,0,6,10,.244,.354,.537,.891,22,0,1,0,0,0,*5,,donaljo02
19,Wilmer Flores,23,NYM,NLWS,13,48,41,4,8,2,1,0,0,1,0,5,9,.195,.298,.293,.591,12,1,1,1,0,2,*6,,florewi01
20,Edwin Encarnación,32,TOR,AL,11,47,40,5,11,2,0,1,5,0,0,7,8,.275,.383,.400,.783,16,1,0,0,0,3,*D,,encared01
21,Troy Tulowitzki,30,TOR,AL,11,46,44,5,9,2,0,2,11,0,0,2,14,.205,.239,.386,.625,17,0,0,0,0,0,*6,,tulowtr01
22,Kevin Pillar,26,TOR,AL,11,45,42,6,12,5,0,1,6,2,1,3,8,.286,.333,.476,.810,20,1,0,0,0,0,*8,,pillake01
23,Chris Colabello,31,TOR,AL,10,41,39,5,11,3,0,2,3,0,0,2,9,.282,.317,.513,.830,20,3,0,0,0,0,*3,,colabch01
24,Ryan Goins*,27,TOR,AL,11,40,36,4,5,1,0,1,4,0,0,1,12,.139,.162,.250,.412,9,1,0,3,0,0,*4/6,,goinsry01
25,Dexter Fowler#,29,CHC,NL,9,39,36,6,10,2,0,2,3,1,0,2,6,.278,.316,.500,.816,18,0,0,1,0,0,*/8,,fowlede01
26,Kris Bryant,23,CHC,NL,9,37,34,2,6,1,1,2,5,0,0,3,12,.176,.243,.441,.684,15,3,0,0,0,0,/*57,,bryankr01
27,Starlin Castro,25,CHC,NL,9,35,34,2,6,1,0,1,2,0,0,1,1,.176,.200,.294,.494,10,0,0,0,0,1,/*46,,castrst01
28,Anthony Rizzo*,25,CHC,NL,9,35,32,4,6,0,0,2,2,0,0,2,8,.188,.257,.375,.632,12,1,1,0,0,0,/*3,,rizzoan01
29,Michael Conforto*,22,NYM,NLWS,12,34,30,3,6,0,0,3,6,0,0,1,8,.200,.235,.500,.735,15,0,1,0,2,0,*7/HD,,confomi01
30,Russell Martin,32,TOR,AL,8,33,26,3,4,2,0,0,1,0,0,4,8,.154,.333,.231,.564,6,1,3,0,0,0,/*2,,martiru01
31,Kyle Schwarber*,22,CHC,NL,9,31,27,6,9,0,0,5,8,0,0,4,8,.333,.419,.889,1.308,24,0,0,0,0,0,*/79H,,schwaky01
32,Jose Altuve,25,HOU,AL,6,27,26,2,4,0,0,0,2,1,1,1,3,.154,.185,.154,.339,4,1,0,0,0,0,/*4,,altuvjo01
33,George Springer,25,HOU,AL,6,26,23,5,5,2,0,1,3,0,0,3,11,.217,.308,.435,.742,10,0,0,0,0,0,*/9,,springe01
34,Carlos Correa,20,HOU,AL,6,25,24,2,7,1,0,2,4,0,0,0,6,.292,.320,.583,.903,14,1,1,0,0,0,/*6,,correca01
35,Juan Lagares,26,NYM,NLWS,13,25,23,7,8,2,0,0,0,2,0,1,3,.348,.375,.435,.810,10,0,0,1,0,0,*8/H,,lagarju01
36,Miguel Montero*,31,CHC,NL,8,25,21,1,2,0,0,0,1,0,0,4,10,.095,.240,.095,.335,2,0,0,0,0,1,/*2H,,montemi01
37,Jorge Soler,23,CHC,NL,7,25,19,6,9,3,0,3,5,0,0,6,5,.474,.600,1.105,1.705,21,0,0,0,0,0,*/9H,,solerjo01
38,Delino DeShields,22,TEX,AL,5,24,24,4,7,3,0,0,2,1,0,0,2,.292,.292,.417,.708,10,0,0,0,0,0,*/8,,deshide02
39,Colby Rasmus*,28,HOU,AL,6,24,17,4,7,1,0,4,6,1,0,7,7,.412,.583,1.176,1.760,20,0,0,0,0,2,*/7,,rasmuco01
40,Shin-Soo Choo*,32,TEX,AL,5,23,21,4,5,0,0,1,2,0,0,1,6,.238,.273,.381,.654,8,0,0,1,0,0,*/9,,choosh01
41,Evan Gattis,28,HOU,AL,6,23,23,1,4,0,0,0,1,0,0,0,6,.174,.174,.174,.348,4,1,0,0,0,0,/*D,,gattiev01
42,Elvis Andrus,26,TEX,AL,5,22,22,1,4,0,0,0,1,0,1,0,4,.182,.182,.182,.364,4,0,0,0,0,0,/*6,,andruel01
43,Howie Kendrick,31,LAD,NL,5,22,22,4,6,1,0,1,4,0,0,0,2,.273,.273,.455,.727,10,1,0,0,0,0,/*4,,kendrho01
44,Prince Fielder*,31,TEX,AL,5,21,20,1,3,0,0,0,1,0,0,1,4,.150,.190,.150,.340,3,1,0,0,0,0,/*D,,fieldpr01
45,Adrián González*,33,LAD,NL,5,21,19,4,6,1,0,1,5,0,0,2,9,.316,.381,.526,.907,10,0,0,0,0,0,/*3,,gonzaad01
46,Rougned Odor*,21,TEX,AL,5,21,18,7,5,1,0,1,2,0,0,1,4,.278,.381,.500,.881,9,0,2,0,0,0,/*4,,odorro01
47,Luis Valbuena*,29,HOU,AL,6,21,17,2,3,0,0,1,2,0,0,4,8,.176,.333,.353,.686,6,0,0,0,0,0,/*5,,valbulu01
48,Chris Carter,28,HOU,AL,6,20,17,3,5,1,0,1,1,0,0,3,7,.294,.400,.529,.929,9,0,0,0,0,0,/*3,,cartech02
49,Justin Turner,30,LAD,NL,5,20,19,2,10,6,0,0,4,1,0,1,3,.526,.550,.842,1.392,16,0,0,0,0,1,/*5,,turneju01
50,Josh Hamilton*,34,TEX,AL,5,19,18,0,3,1,0,0,0,0,0,1,5,.167,.211,.222,.433,4,0,0,0,0,0,*/7,,hamiljo03
51,Matt Carpenter*,29,STL,NL,4,18,17,3,4,0,0,1,1,0,0,1,5,.235,.278,.412,.690,7,0,0,0,0,0,/*5,,carpema01
52,Jason Castro*,28,HOU,AL,6,18,16,1,1,0,0,0,2,0,0,2,8,.063,.167,.063,.229,1,2,0,0,0,0,/*2,,castrja01
53,Andre Ethier*,33,LAD,NL,5,18,16,1,4,1,0,0,2,0,0,2,4,.250,.333,.313,.646,5,0,0,0,0,0,*/97H,,ethiean01
54,Stephen Piscotty,24,STL,NL,4,18,16,5,6,1,0,3,6,0,0,2,8,.375,.444,1.000,1.444,16,0,0,0,0,0,*/397,,piscost01
55,Matt Holliday,35,STL,NL,4,17,16,2,2,0,0,0,1,0,0,1,3,.125,.176,.125,.301,2,0,0,0,0,0,*/7,,hollima01
56,Corey Seager*,21,LAD,NL,5,17,16,2,3,1,0,0,0,0,0,1,8,.188,.235,.250,.485,4,0,0,0,0,0,/*65,,seageco01
57,Jason Heyward*,25,STL,NL,4,16,14,2,5,1,0,1,2,0,0,2,2,.357,.438,.643,1.080,9,0,0,0,0,0,*/89,,heywaja01
58,Javier Báez,22,CHC,NL,6,15,15,1,5,0,0,1,3,2,0,0,4,.333,.333,.533,.867,8,0,0,0,0,0,/*6H,,baezja01
59,Carlos Gómez,29,HOU,AL,6,15,15,2,4,0,0,2,3,0,0,0,4,.267,.267,.667,.933,10,0,0,0,0,0,/8HD,,gomezca01
60,Kiké Hernández,23,LAD,NL,4,15,13,3,4,0,0,0,0,1,0,2,4,.308,.400,.308,.708,4,1,0,0,0,1,*/87,,hernaen02
61,Mitch Moreland*,29,TEX,AL,5,15,13,0,0,0,0,0,1,0,0,2,3,.000,.133,.000,.133,0,0,0,0,0,0,/*3,,morelmi01
62,Jhonny Peralta,33,STL,NL,4,15,14,1,2,1,0,0,1,0,0,1,6,.143,.200,.214,.414,3,0,0,0,0,0,/*6,,peraljh01
63,Dioner Navarro#,31,TOR,AL,5,14,13,1,1,1,0,0,0,0,0,1,5,.077,.143,.154,.297,2,1,0,0,0,0,/2H,,navardi01
64,Kolten Wong*,24,STL,NL,4,14,14,1,2,1,0,1,1,0,0,0,5,.143,.143,.429,.571,6,0,0,0,0,0,/*4,,wongko01
65,Addison Russell,21,CHC,NL,4,13,12,0,3,0,1,0,1,1,0,0,3,.250,.250,.417,.667,5,0,0,1,0,0,/*6,,russead02
66,Chris Coghlan*,30,CHC,NL,6,12,12,1,1,0,0,0,0,0,0,0,4,.083,.083,.083,.167,1,0,0,0,0,0,/H79,,coghlch01
67,Carl Crawford*,33,LAD,NL,4,12,12,1,1,0,0,0,0,1,0,0,3,.083,.083,.083,.167,1,1,0,0,0,0,*/7H,,crawfca02
68,Michael Cuddyer,36,NYM,NLWS,6,12,11,0,1,0,0,0,0,0,0,1,7,.091,.167,.091,.258,1,1,0,0,0,0,/H37D,,cuddymi01
69,Paulo Orlando,29,KCR,ALWS,12,12,11,3,3,0,0,0,1,0,0,0,2,.273,.250,.273,.523,3,0,0,0,1,0,*9/H,,orlanpa01
70,Hanser Alberto,22,TEX,AL,3,11,10,0,2,1,0,0,2,0,0,0,2,.200,.182,.300,.482,3,0,0,0,1,0,/5,,alberha01
71,Robinson Chirinos,31,TEX,AL,3,11,11,1,3,0,0,1,3,0,0,0,2,.273,.273,.545,.818,6,0,0,0,0,0,/2,,chiriro01
72,Yasmani Grandal#,26,LAD,NL,3,11,10,0,1,0,0,0,2,0,0,1,6,.100,.182,.100,.282,1,0,0,0,0,0,/2,,grandya01
73,Adrian Beltré,36,TEX,AL,3,10,9,0,4,0,0,0,1,0,0,1,1,.444,.500,.444,.944,4,0,0,0,0,0,/5,,beltrad01
74,Kelly Johnson*,33,NYM,NLWS,9,10,9,0,1,0,0,0,0,0,0,0,4,.111,.200,.111,.311,1,0,1,0,0,0,/H4D,,johnske05
75,Tommy La Stella*,26,CHC,NL,6,10,10,0,0,0,0,0,0,0,0,0,3,.000,.000,.000,.000,0,0,0,0,0,0,/H45,,lasteto01
76,Chris Gimenez,32,TEX,AL,2,9,8,1,2,0,0,0,0,0,0,0,1,.250,.250,.250,.500,2,0,0,1,0,0,/2,,gimench01
77,Austin Jackson,28,CHC,NL,5,9,8,1,0,0,0,0,0,1,1,1,5,.000,.111,.000,.111,0,0,0,0,0,0,/79H,,jacksau01
78,Mike Napoli,33,TEX,AL,4,9,7,0,1,0,0,0,1,0,1,2,3,.143,.333,.143,.476,1,1,0,0,0,0,/H3,,napolmi01
79,Jacob deGrom*,27,NYM,NLWS,4,8,7,0,0,0,0,0,0,0,0,0,1,.000,.000,.000,.000,0,1,0,1,0,0,/1,,degroja01
80,A.J. Ellis,34,LAD,NL,3,8,8,0,2,0,0,0,0,0,0,0,2,.250,.250,.250,.500,2,0,0,0,0,0,/2,,ellisaj01
81,Randal Grichuk,23,STL,NL,4,8,8,2,2,0,0,1,1,0,0,0,4,.250,.250,.625,.875,5,0,0,0,0,0,*/89H,,grichra01
82,Matt Harvey,26,NYM,NLWS,4,8,7,0,0,0,0,0,0,0,0,0,2,.000,.000,.000,.000,0,0,0,1,0,0,/1,,harvema01
83,Yadier Molina,32,STL,NL,3,8,8,0,1,0,0,0,0,0,0,0,2,.125,.125,.125,.250,1,0,0,0,0,0,/*2,,molinya01
84,Joc Pederson*,23,LAD,NL,5,8,4,0,0,0,0,0,0,0,0,4,1,.000,.500,.000,.500,0,0,0,0,0,1,*/8H,,pederjo01
85,Justin Smoak#,28,TOR,AL,8,8,8,0,0,0,0,0,0,0,0,0,3,.000,.000,.000,.000,0,0,0,0,0,0,/3DH,,smoakju01
86,Jake Marisnick,24,HOU,AL,4,7,7,1,3,1,0,0,0,0,0,0,2,.429,.429,.571,1.000,4,0,0,0,0,0,/8DH,,marisja01
87,Jimmy Rollins#,36,LAD,NL,4,7,7,0,1,0,0,0,0,0,0,0,2,.143,.143,.143,.286,1,1,0,0,0,0,/6H,,rolliji01
88,Jake Arrieta,29,CHC,NL,3,6,5,0,0,0,0,0,0,1,0,0,5,.000,.167,.000,.167,0,0,1,0,0,0,/1,,arrieja01
89,Chris Denorfia,34,CHC,NL,7,6,5,0,0,0,0,0,0,0,0,1,3,.000,.167,.000,.167,0,0,0,0,0,0,/H79,,denorch01
90,Yasiel Puig,24,LAD,NL,3,6,6,0,0,0,0,0,0,0,0,0,3,.000,.000,.000,.000,0,0,0,0,0,0,/9H,,puigya01
91,David Ross,38,CHC,NL,3,6,4,0,0,0,0,0,0,0,0,2,2,.000,.333,.000,.333,0,0,0,0,0,1,/2,,rossda01
92,Noah Syndergaard*,22,NYM,NLWS,4,6,6,1,1,0,0,0,0,0,0,0,3,.167,.167,.167,.333,1,0,0,0,0,0,/1,,syndeno01
93,Rubén Tejada,25,NYM,NL,2,6,5,1,0,0,0,0,0,0,0,1,5,.000,.167,.000,.167,0,0,0,0,0,0,/6,,tejadru01
94,Tony Cruz,28,STL,NL,2,5,5,0,1,1,0,0,1,0,0,0,3,.200,.200,.400,.600,2,0,0,0,0,0,/2,,cruzto03
95,Zack Greinke,31,LAD,NL,2,5,3,0,0,0,0,0,0,0,0,0,1,.000,.000,.000,.000,0,0,0,2,0,0,/1,,greinza01
96,Clayton Kershaw*,27,LAD,NL,2,5,5,0,1,0,0,0,0,0,0,0,1,.200,.200,.200,.400,1,0,0,0,0,0,/1,,kershcl01
97,Steven Matz,24,NYM,NLWS,3,5,4,0,0,0,0,0,0,0,0,0,1,.000,.000,.000,.000,0,0,0,1,0,0,/1,,matzst01
98,Tommy Pham,27,STL,NL,3,5,5,1,1,0,0,1,2,0,0,0,2,.200,.200,.800,1.000,4,0,0,0,0,0,/8H,,phamth01
99,Carlos Beltrán#,38,NYY,AL,1,4,4,0,1,0,0,0,0,0,0,0,2,.250,.250,.250,.500,1,0,0,0,0,0,*/9,,beltrca01
100,Francisco Cervelli,29,PIT,NL,1,4,3,0,1,0,0,0,0,0,0,0,0,.333,.500,.333,.833,1,0,1,0,0,0,/*2,,cervefr01
101,Jarrod Dyson*,30,KCR,ALWS,6,4,4,1,0,0,0,0,0,3,0,0,2,.000,.000,.000,.000,0,0,0,0,0,0,/HD78,,dysonja01
102,Brett Gardner*,31,NYY,AL,1,4,4,0,0,0,0,0,0,0,0,0,3,.000,.000,.000,.000,0,0,0,0,0,0,*/78,,gardnbr01
103,Josh Harrison,27,PIT,NL,1,4,3,0,0,0,0,0,0,0,0,0,1,.000,.250,.000,.250,0,0,1,0,0,0,/*56,,harrijo05
104,Jon Lester*,31,CHC,NL,2,4,4,0,0,0,0,0,0,0,0,0,2,.000,.000,.000,.000,0,0,0,0,0,0,/1,,lestejo01
105,Jed Lowrie#,31,HOU,AL,4,4,4,0,0,0,0,0,0,0,0,0,1,.000,.000,.000,.000,0,0,0,0,0,0,/H5,,lowrije01
106,Starling Marte,26,PIT,NL,1,4,4,0,0,0,0,0,0,0,0,0,1,.000,.000,.000,.000,0,1,0,0,0,0,*/7,,martest01
107,Brian McCann*,31,NYY,AL,1,4,4,0,0,0,0,0,0,0,0,0,0,.000,.000,.000,.000,0,0,0,0,0,0,/*2,,mccanbr01
108,Andrew McCutchen,28,PIT,NL,1,4,4,0,2,0,0,0,0,0,0,0,0,.500,.500,.500,1.000,2,0,0,0,0,0,*/8,,mccutan01
109,Brandon Moss*,31,STL,NL,3,4,3,0,1,0,0,0,1,0,0,0,2,.333,.500,.333,.833,1,0,1,0,0,0,/H3,,mossbr01
110,Kirk Nieuwenhuis*,27,NYM,NLWS,4,4,4,0,0,0,0,0,0,0,0,0,2,.000,.000,.000,.000,0,0,0,0,0,0,/H78D,,nieuwki01
111,Gregory Polanco*,23,PIT,NL,1,4,4,0,0,0,0,0,0,0,0,0,2,.000,.000,.000,.000,0,0,0,0,0,0,*/9,,polangr01
112,Mark Reynolds,31,STL,NL,3,4,4,0,0,0,0,0,0,0,0,0,1,.000,.000,.000,.000,0,0,0,0,0,0,/*3H,,reynoma01
113,Alex Rodriguez,39,NYY,AL,1,4,4,0,0,0,0,0,0,0,0,0,2,.000,.000,.000,.000,0,0,0,0,0,0,/*D,,rodrial01
114,Justin Ruggiano,33,LAD,NL,3,4,4,0,0,0,0,0,0,0,0,0,3,.000,.000,.000,.000,0,0,0,0,0,0,/7H,,ruggiju01
115,Pedro Álvarez*,28,PIT,NL,1,3,3,0,0,0,0,0,0,0,0,0,3,.000,.000,.000,.000,0,0,0,0,0,0,/*3H,,alvarpe01
116,Greg Bird*,22,NYY,AL,1,3,3,0,1,0,0,0,0,0,0,0,1,.333,.333,.333,.667,1,0,0,0,0,0,/*3,,birdgr01
117,Greg Garcia*,25,STL,NL,3,3,3,0,0,0,0,0,0,0,0,0,1,.000,.000,.000,.000,0,0,0,0,0,0,/*H,,garcigr01
118,Marwin González#,26,HOU,AL,4,3,3,0,0,0,0,0,0,0,0,0,2,.000,.000,.000,.000,0,0,0,0,0,0,/35H,,gonzama01
119,Didi Gregorius*,25,NYY,AL,1,3,3,0,1,0,0,0,0,0,0,0,0,.333,.333,.333,.667,1,0,0,0,0,0,/*6,,gregodi01
120,Chase Headley#,31,NYY,AL,1,3,2,0,0,0,0,0,0,0,0,1,1,.000,.333,.000,.333,0,0,0,0,0,0,/*5,,headlch01
121,Kyle Hendricks,25,CHC,NL,2,3,2,1,0,0,0,0,1,0,0,0,2,.000,.000,.000,.000,0,0,0,1,0,0,/1,,hendrky01
122,John Lackey,36,STL,NL,2,3,3,0,1,0,0,0,0,0,0,0,1,.333,.333,.333,.667,1,0,0,0,0,0,/1,,lackejo01
123,Rob Refsnyder,24,NYY,AL,1,3,3,0,0,0,0,0,0,0,0,0,0,.000,.000,.000,.000,0,0,0,0,0,0,/*4,,refsnro01
124,Preston Tucker*,24,HOU,AL,3,3,2,0,0,0,0,0,0,0,0,1,2,.000,.333,.000,.333,0,0,0,0,0,0,/HD,,tuckepr01
125,Chase Utley*,36,LAD,NL,3,3,3,1,1,0,0,0,0,0,0,0,1,.333,.333,.333,.667,1,0,0,0,0,0,/H,,utleych01
126,Neil Walker#,29,PIT,NL,1,3,3,0,0,0,0,0,0,0,0,0,2,.000,.000,.000,.000,0,0,0,0,0,0,/*4,,walkene01
127,Travis Wood,28,CHC,NL,6,3,3,0,0,0,0,0,0,0,0,0,2,.000,.000,.000,.000,0,0,0,0,0,0,/*1,,woodtr01
128,Chris Young,31,NYY,AL,1,3,2,0,0,0,0,0,0,0,0,1,1,.000,.333,.000,.333,0,0,0,0,0,0,*/7,,youngch04
129,Drew Butera,31,KCR,ALWS,3,2,1,0,0,0,0,0,0,0,0,1,0,.000,.500,.000,.500,0,0,0,0,0,0,/2,,buterdr01
130,Ezequiel Carrera*,28,TOR,AL,2,2,2,0,0,0,0,0,0,0,0,0,0,.000,.000,.000,.000,0,0,0,0,0,0,/H,,carreez01
131,Jordy Mercer,28,PIT,NL,1,2,2,0,0,0,0,0,0,0,0,0,1,.000,.000,.000,.000,0,0,0,0,0,0,/*6,,mercejo03
132,Cliff Pennington#,31,TOR,AL,4,2,1,0,0,0,0,0,0,0,0,1,0,.000,.500,.000,.500,0,0,0,0,0,0,/145H,,pennicl01
133,Will Venable*,32,TEX,AL,4,2,2,0,1,0,0,0,0,0,0,0,1,.500,.500,.500,1.000,1,0,0,0,0,0,/7HD,,venabwi01
134,Edinson Vólquez,31,KCR,ALWS,5,2,2,0,1,0,0,0,0,0,0,0,1,.500,.500,.500,1.000,1,0,0,0,0,0,/1,,volqued01
135,Michael Wacha,23,STL,NL,1,2,2,0,0,0,0,0,0,0,0,0,2,.000,.000,.000,.000,0,0,0,0,0,0,/1,,wachami01
136,Brett Anderson*,27,LAD,NL,1,1,1,0,0,0,0,0,0,0,0,0,1,.000,.000,.000,.000,0,0,0,0,0,0,/1,,anderbr04
137,Gerrit Cole,24,PIT,NL,1,1,1,0,0,0,0,0,0,0,0,0,1,.000,.000,.000,.000,0,0,0,0,0,0,/*1,,colege01
138,Christian Colón,26,KCR,WS,1,1,1,1,1,0,0,0,1,0,0,0,0,1.000,1.000,1.000,2.000,1,0,0,0,0,0,/H,,colonch01
139,Wade Davis,29,KCR,ALWS,8,1,1,0,0,0,0,0,0,0,0,0,1,.000,.000,.000,.000,0,0,0,0,0,0,/1,,daviswa01
140,Jacoby Ellsbury*,31,NYY,AL,1,1,1,0,0,0,0,0,0,0,0,0,0,.000,.000,.000,.000,0,0,0,0,0,0,*/8H,,ellsbja01
141,Jeurys Familia,25,NYM,NLWS,12,1,1,0,0,0,0,0,0,0,0,0,1,.000,.000,.000,.000,0,0,0,0,0,0,*1,,familje01
142,Jason Hammel,32,CHC,NL,2,1,1,1,1,0,0,0,1,0,0,0,0,1.000,1.000,1.000,2.000,1,0,0,0,0,0,/1,,hammeja01
143,Jon Jay*,30,STL,NL,1,1,1,0,0,0,0,0,0,0,0,0,1,.000,.000,.000,.000,0,0,0,0,0,0,/H,,jayjo02
144,Adalberto Mondesí#,,KCR,WS,1,1,1,0,0,0,0,0,0,0,0,0,1,.000,.000,.000,.000,0,0,0,0,0,0,/H,,mondera02
145,Mike Morse,33,PIT,NL,1,1,1,0,1,0,0,0,0,0,0,0,0,1.000,1.000,1.000,2.000,1,0,0,0,0,0,/*H,,morsemi01
146,Dalton Pompey#,22,TOR,AL,5,1,1,0,1,0,0,0,0,4,0,0,0,1.000,1.000,1.000,2.000,1,0,0,0,0,0,/H9,,pompeda01
147,Aramis Ramírez,37,PIT,NL,1,1,1,0,0,0,0,0,0,0,0,0,0,.000,.000,.000,.000,0,1,0,0,0,0,/*5H,,ramirar01
148,Travis Snider*,27,PIT,NL,1,1,1,0,1,0,0,0,0,0,0,0,0,1.000,1.000,1.000,2.000,1,0,0,0,0,0,/*H,,snidetr01
149,Drew Stubbs,30,TEX,AL,4,1,1,0,0,0,0,0,0,0,0,0,1,.000,.000,.000,.000,0,0,0,0,0,0,*/87H,,stubbdr01
150,Juan Uribe,36,NYM,WS,1,1,1,1,1,0,0,0,1,0,0,0,0,1.000,1.000,1.000,2.000,1,0,0,0,0,0,/H,,uribeju01
151,Yordano Ventura,24,KCR,ALWS,5,1,0,0,0,0,0,0,0,0,0,0,0,,,,,0,0,0,1,0,0,/1,,ventuyo01
152,Chris Young,36,KCR,ALWS,4,1,1,0,0,0,0,0,0,0,0,0,1,.000,.000,.000,.000,0,0,0,0,0,0,/1,,youngch03
153,Luis Avilán*,25,LAD,NL,2,0,0,0,0,0,0,0,0,0,0,0,0,,,,,0,,0,0,,,/1,,avilalu01
154,Pedro Báez,27,LAD,NL,2,0,0,0,0,0,0,0,0,0,0,0,0,,,,,0,,0,0,,,/1,,baezpe01
155,Antonio Bastardo,29,PIT,NL,1,0,0,0,0,0,0,0,0,0,0,0,0,,,,,0,,0,0,,,/*1,,bastaan01
156,Dellin Betances,27,NYY,AL,1,0,0,0,0,0,0,0,0,0,0,0,0,,,,,0,0,0,0,0,0,/*1,,betande01
157,Jonathan Broxton,31,STL,NL,3,0,0,0,0,0,0,0,0,0,0,0,0,,,,,0,,0,0,,,/*1,,broxtjo01
158,Trevor Cahill,27,CHC,NL,6,0,0,0,0,0,0,0,0,0,0,0,0,,,,,0,,0,0,,,/*1,,cahiltr01
159,Brett Cecil,28,TOR,AL,2,0,0,0,0,0,0,0,0,0,0,0,0,,,,,0,0,0,0,0,0,/1,,cecilbr01
160,Tyler Clippard,30,NYM,NLWS,8,0,0,0,0,0,0,0,0,0,0,0,0,,,,,0,,0,0,,,/1,,clippty01
161,Bartolo Colon,42,NYM,NLWS,7,0,0,0,0,0,0,0,0,0,0,0,0,,,,,0,,0,0,,,/1,,colonba01
162,Hank Conger#,27,HOU,AL,1,0,0,0,0,0,0,0,0,0,0,0,0,,,,,0,,0,0,,,/2,,congeha01
163,Johnny Cueto,29,KCR,ALWS,4,0,0,0,0,0,0,0,0,0,0,0,0,,,,,0,0,0,0,0,0,/1,,cuetojo01
164,R.A. Dickey,40,TOR,AL,2,0,0,0,0,0,0,0,0,0,0,0,0,,,,,0,0,0,0,0,0,/1,,dicker.01
165,Jake Diekman,28,TEX,AL,4,0,0,0,0,0,0,0,0,0,0,0,0,,,,,0,0,0,0,0,0,/*1,,diekmja01
166,Danny Duffy*,26,KCR,ALWS,6,0,0,0,0,0,0,0,0,0,0,0,0,,,,,0,0,0,0,0,0,/1,,duffyda01
167,Sam Dyson,27,TEX,AL,4,0,0,0,0,0,0,0,0,0,0,0,0,,,,,0,0,0,0,0,0,/*1,,dysonsa01
168,Marco Estrada,31,TOR,AL,3,0,0,0,0,0,0,0,0,0,0,0,0,,,,,0,0,0,0,0,0,/1,,estrama01
169,Josh Fields,29,HOU,AL,2,0,0,0,0,0,0,0,0,0,0,0,0,,,,,0,0,0,0,0,0,/1,,fieldjo03
170,Mike Fiers,30,HOU,AL,1,0,0,0,0,0,0,0,0,0,0,0,0,,,,,0,0,0,0,0,0,/1,,fiersmi01
171,Yovani Gallardo,29,TEX,AL,1,0,0,0,0,0,0,0,0,0,0,0,0,,,,,0,0,0,0,0,0,/1,,gallayo01
172,Jaime García*,28,STL,NL,1,0,0,0,0,0,0,0,0,0,0,0,0,,,,,0,,0,0,,,/1,,garcija02
173,Yimi García,24,LAD,NL,1,0,0,0,0,0,0,0,0,0,0,0,0,,,,,0,,0,0,,,/1,,garciyi01
174,Sean Gilmartin*,25,NYM,WS,1,0,0,0,0,0,0,0,0,0,0,0,0,,,,,0,0,0,0,0,0,/1,,gilmase01
175,Erik Goeddel,26,NYM,NL,1,0,0,0,0,0,0,0,0,0,0,0,0,,,,,0,,0,0,,,/1,,goedder01
176,Chi Chi González,23,TEX,AL,1,0,0,0,0,0,0,0,0,0,0,0,0,,,,,0,0,0,0,0,0,/1,,gonzach01
177,Terrance Gore,24,KCR,AL,2,0,0,0,0,0,0,0,0,1,1,0,0,,,,,0,,0,0,,,/HD,,gorete01
178,Luke Gregerson*,31,HOU,AL,4,0,0,0,0,0,0,0,0,0,0,0,0,,,,,0,0,0,0,0,0,/1,,gregelu01
179,Justin Grimm,26,CHC,NL,3,0,0,0,0,0,0,0,0,0,0,0,0,,,,,0,,0,0,,,/1,,grimmju01
180,Cole Hamels*,31,TEX,AL,2,0,0,0,0,0,0,0,0,0,0,0,0,,,,,0,0,0,0,0,0,/1,,hamelco01
181,Will Harris,30,HOU,AL,4,0,0,0,0,0,0,0,0,0,0,0,0,,,,,0,0,0,0,0,0,/1,,harriwi10
182,Chris Hatcher#,30,LAD,NL,4,0,0,0,0,0,0,0,0,0,0,0,0,,,,,0,,0,0,,,/*1,,hatchch02
183,LaTroy Hawkins,42,TOR,AL,3,0,0,0,0,0,0,0,0,0,0,0,0,,,,,0,0,0,0,0,0,/1,,hawkila01
184,Liam Hendriks,26,TOR,AL,3,0,0,0,0,0,0,0,0,0,0,0,0,,,,,0,0,0,0,0,0,/1,,hendrli01
185,Kelvin Herrera,25,KCR,ALWS,11,0,0,0,0,0,0,0,0,0,0,0,0,,,,,0,0,0,0,0,0,*1,,herreke01
186,Luke Hochevar,31,KCR,ALWS,9,0,0,0,0,0,0,0,0,0,0,0,0,,,,,0,0,0,0,0,0,/1,,hochelu01
187,Derek Holland#,28,TEX,AL,1,0,0,0,0,0,0,0,0,0,0,0,0,,,,,0,0,0,0,0,0,/1,,hollade01
188,J.P. Howell*,32,LAD,NL,1,0,0,0,0,0,0,0,0,0,0,0,0,,,,,0,,0,0,,,/1,,howeljp01
189,Kenley Jansen#,27,LAD,NL,3,0,0,0,0,0,0,0,0,0,0,0,0,,,,,0,,0,0,,,/1,,janseke01
190,Scott Kazmir*,31,HOU,AL,1,0,0,0,0,0,0,0,0,0,0,0,0,,,,,0,0,0,0,0,0,/1,,kazmisc01
191,Keone Kela,22,TEX,AL,3,0,0,0,0,0,0,0,0,0,0,0,0,,,,,0,0,0,0,0,0,/1,,kelake01
192,Dallas Keuchel*,27,HOU,AL,3,0,0,0,0,0,0,0,0,0,0,0,0,,,,,0,0,0,0,0,0,/1,,keuchda01
193,Colby Lewis,35,TEX,AL,1,0,0,0,0,0,0,0,0,0,0,0,0,,,,,0,0,0,0,0,0,/1,,lewisco01
194,Aaron Loup*,27,TOR,AL,4,0,0,0,0,0,0,0,0,0,0,0,0,,,,,0,0,0,0,0,0,/1,,loupaa01
195,Mark Lowe*,32,TOR,AL,6,0,0,0,0,0,0,0,0,0,0,0,0,,,,,0,0,0,0,0,0,/1,,lowema01
196,Lance Lynn#,28,STL,NL,1,0,0,0,0,0,0,0,0,0,0,0,0,,,,,0,,0,0,,,/1,,lynnla01
197,Ryan Madson*,34,KCR,ALWS,9,0,0,0,0,0,0,0,0,0,0,0,0,,,,,0,0,0,0,0,0,/1,,madsory01
198,Seth Maness,26,STL,NL,2,0,0,0,0,0,0,0,0,0,0,0,0,,,,,0,,0,0,,,/1,,manesse01
199,Lance McCullers Jr.*,21,HOU,AL,1,0,0,0,0,0,0,0,0,0,0,0,0,,,,,0,0,0,0,0,0,/1,,mcculla02
200,Collin McHugh,28,HOU,AL,2,0,0,0,0,0,0,0,0,0,0,0,0,,,,,0,0,0,0,0,0,/1,,mchugco01
201,Kris Medlen#,29,KCR,ALWS,2,0,0,0,0,0,0,0,0,0,0,0,0,,,,,0,0,0,0,0,0,/1,,medlekr01
202,Mark Melancon,30,PIT,NL,1,0,0,0,0,0,0,0,0,0,0,0,0,,,,,0,,0,0,,,/*1,,melanma01
203,Andrew Miller*,30,NYY,AL,1,0,0,0,0,0,0,0,0,0,0,0,0,,,,,0,0,0,0,0,0,/*1,,millean01
204,Franklin Morales*,29,KCR,ALWS,3,0,0,0,0,0,0,0,0,0,0,0,0,,,,,0,0,0,0,0,0,/1,,moralfr01
205,Pat Neshek#,34,HOU,AL,2,0,0,0,0,0,0,0,0,0,0,0,0,,,,,0,0,0,0,0,0,/1,,neshepa01
206,Jon Niese*,28,NYM,NLWS,6,0,0,0,0,0,0,0,0,0,0,0,0,,,,,0,,0,0,,,/1,,niesejo01
207,Ross Ohlendorf,32,TEX,AL,3,0,0,0,0,0,0,0,0,0,0,0,0,,,,,0,0,0,0,0,0,/1,,ohlenro01
208,Roberto Osuna,20,TOR,AL,7,0,0,0,0,0,0,0,0,0,0,0,0,,,,,0,0,0,0,0,0,/1,,osunaro01
209,Joel Peralta,39,LAD,NL,1,0,0,0,0,0,0,0,0,0,0,0,0,,,,,0,,0,0,,,/1,,peraljo01
210,Martín Pérez*,24,TEX,AL,1,0,0,0,0,0,0,0,0,0,0,0,0,,,,,0,0,0,0,0,0,/1,,perezma02
211,Óliver Pérez*,33,HOU,AL,2,0,0,0,0,0,0,0,0,0,0,0,0,,,,,0,0,0,0,0,0,/1,,perezol01
212,David Price*,29,TOR,AL,4,0,0,0,0,0,0,0,0,0,0,0,0,,,,,0,0,0,0,0,0,/1,,priceda01
213,Addison Reed*,26,NYM,NLWS,9,0,0,0,0,0,0,0,0,0,0,0,0,,,,,0,,0,0,,,/1,,reedad01
214,Clayton Richard*,31,CHC,NL,6,0,0,0,0,0,0,0,0,0,0,0,0,,,,,0,,0,0,,,/*1,,richacl01
215,Hansel Robles,24,NYM,NLWS,3,0,0,0,0,0,0,0,0,0,0,0,0,,,,,0,,0,0,,,/1,,robleha01
216,Fernando Rodney,38,CHC,NL,2,0,0,0,0,0,0,0,0,0,0,0,0,,,,,0,,0,0,,,/1,,rodnefe01
217,Sean Rodríguez,30,PIT,NL,1,0,0,0,0,0,0,0,0,0,0,0,0,,,,,0,,0,0,,,/*3,,rodrise01
218,Héctor Rondón,27,CHC,NL,5,0,0,0,0,0,0,0,0,0,0,0,0,,,,,0,,0,0,,,/1,,rondohe01
219,Trevor Rosenthal,25,STL,NL,2,0,0,0,0,0,0,0,0,0,0,0,0,,,,,0,,0,0,,,/1,,rosentr01
220,Aaron Sanchez,22,TOR,AL,9,0,0,0,0,0,0,0,0,0,0,0,0,,,,,0,0,0,0,0,0,/*1,,sanchaa01
221,Kevin Siegrist*,25,STL,NL,3,0,0,0,0,0,0,0,0,0,0,0,0,,,,,0,,0,0,,,/*1,,siegrke01
222,Tony Sipp*,31,HOU,AL,6,0,0,0,0,0,0,0,0,0,0,0,0,,,,,0,0,0,0,0,0,/*1,,sippto01
223,Joakim Soria,31,PIT,NL,1,0,0,0,0,0,0,0,0,0,0,0,0,,,,,0,,0,0,,,/*1,,soriajo01
224,Marcus Stroman,24,TOR,AL,3,0,0,0,0,0,0,0,0,0,0,0,0,,,,,0,0,0,0,0,0,/1,,stromma01
225,Pedro Strop,30,CHC,NL,6,0,0,0,0,0,0,0,0,0,0,0,0,,,,,0,,0,0,,,/*1,,stroppe01
226,Masahiro Tanaka,26,NYY,AL,1,0,0,0,0,0,0,0,0,0,0,0,0,,,,,0,0,0,0,0,0,/*1,,tanakma01
227,Ryan Tepera,27,TOR,AL,1,0,0,0,0,0,0,0,0,0,0,0,0,,,,,0,0,0,0,0,0,/1,,teperry01
228,Shawn Tolleson,27,TEX,AL,2,0,0,0,0,0,0,0,0,0,0,0,0,,,,,0,0,0,0,0,0,/1,,tollesh01
229,Carlos Villanueva,31,STL,NL,1,0,0,0,0,0,0,0,0,0,0,0,0,,,,,0,,0,0,,,/1,,villaca01
230,Jonathan Villar#,24,HOU,AL,1,0,0,1,0,0,0,0,0,1,0,0,0,,,,,0,,0,0,,,/*H,,villajo01
231,Adam Wainwright,33,STL,NL,3,0,0,0,0,0,0,0,0,0,0,0,0,,,,,0,,0,0,,,/*1,,wainwad01
232,Tony Watson*,30,PIT,NL,1,0,0,0,0,0,0,0,0,0,0,0,0,,,,,0,,0,0,,,/*1,,watsoto01
233,Justin Wilson*,27,NYY,AL,1,0,0,0,0,0,0,0,0,0,0,0,0,,,,,0,0,0,0,0,0,/*1,,wilsoju10
234,Alex Wood,24,LAD,NL,1,0,0,0,0,0,0,0,0,0,0,0,0,,,,,0,,0,0,,,/1,,woodal02
,MLB Average,,,,,,,,,,,,,,,,,.227,.291,.384,.675,,,,,,,,,-9999