Rk,Player,Age,Team,Lg,G,PA,AB,R,H,2B,3B,HR,RBI,SB,CS,BB,SO,BA,OBP,SLG,OPS,TB,GIDP,HBP,SH,SF,IBB,Pos,Awards,Player-additional
1,Grégor Blanco*,30,SFG,NLWS,17,84,72,10,11,1,0,1,5,2,0,10,8,.153,.256,.208,.464,15,0,0,2,0,0,*8,,blancgr01
2,Joe Panik*,23,SFG,NLWS,17,78,73,7,17,2,2,1,8,0,0,4,6,.233,.273,.356,.629,26,1,0,1,0,0,*4,,panikjo01
3,Pablo Sandoval#,27,SFG,NLWS,17,78,71,12,26,7,0,0,5,0,0,5,11,.366,.423,.465,.888,33,2,2,0,0,1,*5,,sandopa01
4,Buster Posey,27,SFG,NLWS,17,77,69,5,17,0,0,0,7,0,1,6,7,.246,.312,.246,.558,17,3,1,0,1,2,*2,,poseybu01
5,Hunter Pence,31,SFG,NLWS,17,74,66,12,22,6,0,1,8,2,2,8,9,.333,.405,.470,.875,31,1,0,0,0,0,*9,,pencehu01
6,Brandon Belt*,26,SFG,NLWS,17,73,61,6,18,1,0,1,8,0,1,11,17,.295,.397,.361,.758,22,0,0,0,1,1,*3,,beltbr01
7,Brandon Crawford*,27,SFG,NLWS,17,70,61,7,15,2,0,1,9,0,0,7,15,.246,.314,.328,.642,20,1,0,0,2,0,*6,,crawfbr01
8,Alcides Escobar,27,KCR,ALWS,15,70,65,8,19,5,0,1,5,1,1,1,11,.292,.303,.415,.718,27,1,0,4,0,0,*6,,escobal02
9,Lorenzo Cain,28,KCR,ALWS,15,68,60,13,20,5,0,0,8,2,0,5,9,.333,.388,.417,.805,25,0,1,1,1,0,*89,ALCS MVP,cainlo01
10,Eric Hosmer*,24,KCR,ALWS,15,66,57,8,20,3,1,2,12,0,1,9,16,.351,.439,.544,.983,31,1,0,0,0,1,*3,,hosmeer01
11,Alex Gordon*,30,KCR,ALWS,15,63,54,7,11,6,0,1,11,4,0,6,16,.204,.317,.370,.688,20,1,3,0,0,2,*7,,gordoal01
12,Salvador Perez,24,KCR,ALWS,15,60,58,4,12,1,0,1,6,0,0,1,10,.207,.233,.276,.509,16,2,1,0,0,0,*2,,perezsa02
13,Omar Infante,32,KCR,ALWS,15,58,51,5,13,3,0,1,6,0,0,5,15,.255,.310,.373,.683,19,1,0,0,2,1,*4,,infanom01
14,Mike Moustakas*,25,KCR,ALWS,15,55,52,9,12,2,0,5,7,0,0,2,9,.231,.259,.558,.817,29,1,0,1,0,0,*5,,moustmi01
15,Billy Butler,28,KCR,ALWS,13,49,42,3,11,3,0,0,8,1,0,5,5,.262,.327,.333,.660,14,3,0,0,2,0,*D/H,,butlebi03
16,Nori Aoki*,32,KCR,ALWS,14,48,41,7,8,0,0,0,3,1,0,5,3,.195,.292,.195,.487,8,2,1,0,1,0,*9/H,,aokino01
17,Travis Ishikawa*,30,SFG,NLWS,16,43,39,2,10,2,0,1,7,0,0,4,9,.256,.326,.385,.710,15,0,0,0,0,0,*7/H,,ishiktr01
18,Matt Carpenter*,28,STL,NL,9,39,36,6,10,4,0,4,8,0,0,3,12,.278,.333,.722,1.056,26,1,0,0,0,0,/*5,,carpema01
19,Matt Holliday,34,STL,NL,9,38,37,5,9,1,0,1,3,0,0,1,6,.243,.263,.351,.615,13,0,0,0,0,0,*/7,,hollima01
20,Randal Grichuk,22,STL,NL,9,36,35,3,6,0,0,2,3,0,0,1,13,.171,.194,.343,.537,12,0,0,0,0,0,*/97,,grichra01
21,Jon Jay*,29,STL,NL,9,36,29,3,14,1,0,0,2,0,1,3,3,.483,.571,.517,1.089,15,0,3,1,0,0,*/87,,jayjo02
22,Matt Adams*,25,STL,NL,9,35,30,5,7,0,0,3,7,0,0,5,5,.233,.343,.533,.876,16,2,0,0,0,2,/*3,,adamsma01
23,Jhonny Peralta,32,STL,NL,9,35,31,2,5,1,0,0,1,0,0,4,6,.161,.257,.194,.451,6,3,0,0,0,0,/*6,,peraljh01
24,Nick Markakis*,30,BAL,AL,7,32,31,4,8,1,0,1,3,1,0,1,3,.258,.281,.387,.668,12,0,0,0,0,0,*/9,,markani01
25,Adam Jones,28,BAL,AL,7,31,27,6,6,0,0,1,3,1,0,3,8,.222,.323,.333,.656,9,1,1,0,0,0,*/8,,jonesad01
26,Juan Pérez,27,SFG,NLWS,14,31,25,3,5,1,0,0,3,0,0,2,6,.200,.250,.240,.490,6,0,0,3,1,0,*7/H,,perezju02
27,Nelson Cruz,33,BAL,AL,7,30,28,5,10,1,0,2,7,0,0,2,5,.357,.400,.607,1.007,17,1,0,0,0,0,/*D7,,cruzne02
28,Steve Pearce,31,BAL,AL,7,30,27,4,4,1,0,0,1,0,0,2,3,.148,.233,.185,.419,5,0,1,0,0,0,/*3,,pearcst01
29,Kolten Wong*,23,STL,NL,8,30,29,4,7,3,1,3,6,1,0,1,5,.241,.267,.724,.991,21,2,0,0,0,1,/*4,,wongko01
30,J.J. Hardy,31,BAL,AL,7,28,25,3,6,1,0,1,3,0,0,3,5,.240,.321,.400,.721,10,0,0,0,0,1,/*6,,hardyjj01
31,Ryan Flaherty*,27,BAL,AL,7,25,21,4,6,0,0,1,4,0,0,4,7,.286,.400,.429,.829,9,0,0,0,0,0,/*54,,flahery01
32,Jonathan Schoop,22,BAL,AL,7,24,21,3,4,1,0,0,2,2,0,3,4,.190,.292,.238,.530,5,0,0,0,0,0,/*4,,schoojo01
33,Alejandro De Aza*,30,BAL,AL,6,23,21,4,7,3,0,0,3,0,0,1,1,.333,.391,.476,.867,10,0,1,0,0,0,*/7H,,deazaal01
34,Yadier Molina,31,STL,NL,6,22,21,2,5,1,0,0,0,0,0,0,3,.238,.238,.286,.524,6,1,0,1,0,0,/2,,molinya01
35,Mike Morse,32,SFG,NLWS,10,22,20,3,6,1,0,1,5,0,0,1,5,.300,.318,.500,.818,10,0,0,0,1,0,/HD,,morsemi01
36,Anthony Rendon,24,WSN,NL,4,20,19,0,7,0,0,0,1,1,0,1,2,.368,.400,.368,.768,7,0,0,0,0,0,/*5,,rendoan01
37,Denard Span*,30,WSN,NL,4,20,19,0,2,0,0,0,0,0,0,1,3,.105,.150,.105,.255,2,1,0,0,0,0,*/8,,spande01
38,Jayson Werth,35,WSN,NL,4,20,17,0,1,0,0,0,0,0,0,3,5,.059,.200,.059,.259,1,0,0,0,0,0,*/9,,werthja01
39,Ian Desmond,28,WSN,NL,4,19,18,2,3,0,0,0,0,1,0,1,6,.167,.211,.167,.377,3,0,0,0,0,0,/*6,,desmoia01
40,Jarrod Dyson*,29,KCR,ALWS,13,19,16,2,2,0,0,0,0,1,2,2,4,.125,.222,.125,.347,2,1,0,1,0,0,*8/H,,dysonja01
41,Bryce Harper*,21,WSN,NL,4,19,17,4,5,1,0,3,4,0,0,2,3,.294,.368,.882,1.251,15,0,0,0,0,0,*/7,,harpebr03
42,Adam LaRoche*,34,WSN,NL,4,19,18,0,1,0,0,0,0,0,0,1,4,.056,.105,.056,.161,1,0,0,0,0,0,/*3,,larocad01
43,Wilson Ramos,26,WSN,NL,4,19,17,1,2,0,0,0,0,0,0,1,6,.118,.167,.118,.284,2,1,0,1,0,0,/*2,,ramoswi01
44,Dee Strange-Gordon*,26,LAD,NL,4,19,17,0,3,0,0,0,2,1,0,2,6,.176,.263,.176,.440,3,0,0,0,0,0,/*4,,gordode01
45,Carl Crawford*,32,LAD,NL,4,17,17,2,5,1,0,0,1,0,0,0,7,.294,.294,.353,.647,6,1,0,0,0,0,*/7,,crawfca02
46,A.J. Ellis,33,LAD,NL,4,17,13,4,7,1,0,1,2,0,0,4,1,.538,.647,.846,1.493,11,0,0,0,0,1,/*2,,ellisaj01
47,Adrián González*,32,LAD,NL,4,17,16,1,3,0,0,1,3,0,0,1,2,.188,.235,.375,.610,6,0,0,0,0,0,/*3,,gonzaad01
48,Matt Kemp,29,LAD,NL,4,17,17,1,6,0,0,1,2,0,0,0,3,.353,.353,.529,.882,9,1,0,0,0,0,*/9,,kempma01
49,Juan Uribe,35,LAD,NL,4,17,17,0,2,0,0,0,1,0,0,0,6,.118,.118,.118,.235,2,0,0,0,0,0,/*5,,uribeju01
50,Madison Bumgarner,24,SFG,NLWS,7,16,15,0,0,0,0,0,0,0,0,1,8,.000,.063,.000,.063,0,0,0,0,0,0,/1,NLCS MVPWS MVP,bumgama01
51,Hanley Ramírez,30,LAD,NL,4,16,14,2,6,1,0,0,2,1,0,1,0,.429,.500,.500,1.000,7,1,1,0,0,0,/*6,,ramirha01
52,Asdrúbal Cabrera#,28,WSN,NL,4,15,15,2,3,1,0,1,2,0,0,0,5,.200,.200,.467,.667,7,0,0,0,0,0,/*4,,cabreas01
53,Kole Calhoun*,26,LAA,AL,3,15,15,1,5,0,0,0,0,0,0,0,1,.333,.333,.333,.667,5,0,0,0,0,0,*/9,,calhoko01
54,Nick Hundley,30,BAL,AL,5,15,15,0,1,0,0,0,1,0,0,0,5,.067,.067,.067,.133,1,0,0,0,0,0,/*2,,hundlni01
55,Mike Trout,22,LAA,AL,3,15,12,1,1,0,0,1,1,0,1,3,2,.083,.267,.333,.600,4,0,0,0,0,0,*/8,,troutmi01
56,Yasiel Puig,23,LAD,NL,4,14,12,4,3,0,1,0,1,0,0,1,8,.250,.357,.417,.774,5,0,1,0,0,0,*/8H,,puigya01
57,Erick Aybar#,30,LAA,AL,3,13,11,0,5,1,0,0,0,1,0,0,1,.455,.455,.545,1.000,6,0,0,2,0,0,/*6,,aybarer01
58,Josh Hamilton*,33,LAA,AL,3,13,13,0,0,0,0,0,1,0,0,0,2,.000,.000,.000,.000,0,1,0,0,0,0,*/7,,hamiljo03
59,Howie Kendrick,30,LAA,AL,3,13,13,1,2,1,0,0,0,0,0,0,5,.154,.154,.231,.385,3,0,0,0,0,0,/*4,,kendrho01
60,Ian Kinsler,32,DET,AL,3,13,12,0,1,0,0,0,0,0,0,1,3,.083,.154,.083,.237,1,0,0,0,0,0,/*4,,kinslia01
61,Albert Pujols,34,LAA,AL,3,13,12,1,2,0,0,1,2,0,0,1,1,.167,.231,.417,.647,5,0,0,0,0,0,/*3,,pujolal01
62,Miguel Cabrera,31,DET,AL,3,12,11,2,4,1,0,1,1,0,0,1,2,.364,.417,.727,1.144,8,1,0,0,0,0,/*3,,cabremi01
63,Nick Castellanos,22,DET,AL,3,12,10,1,1,0,0,1,1,0,0,2,1,.100,.250,.400,.650,4,0,0,0,0,1,/*5,,casteni01
64,Torii Hunter,38,DET,AL,3,12,10,2,2,0,0,0,0,0,0,2,2,.200,.333,.200,.533,2,0,0,0,0,0,*/9,,hunteto01
65,J.D. Martinez,26,DET,AL,3,12,12,2,3,1,0,2,5,0,0,0,4,.250,.250,.833,1.083,10,0,0,0,0,0,*/7,,martijd02
66,Victor Martinez#,35,DET,AL,3,12,12,3,4,2,0,1,3,0,0,0,4,.333,.333,.750,1.083,9,0,0,0,0,0,/*D,,martivi01
67,C.J. Cron,24,LAA,AL,3,11,9,0,1,1,0,0,0,0,0,2,4,.111,.273,.222,.495,2,0,0,0,0,0,/*D,,croncj01
68,David Freese,31,LAA,AL,3,11,8,1,1,0,0,1,1,0,0,2,4,.125,.364,.500,.864,4,1,1,0,0,0,/*5,,freesda01
69,Chris Iannetta,31,LAA,AL,3,11,10,1,1,0,0,1,1,0,0,1,2,.100,.182,.400,.582,4,0,0,0,0,0,/*2,,iannech01
70,Andrew Romine#,28,DET,AL,3,11,11,0,2,0,0,0,0,0,0,0,4,.182,.182,.182,.364,2,0,0,0,0,0,/*6,,rominan01
71,Caleb Joseph,28,BAL,AL,3,10,9,0,2,0,0,0,1,0,0,0,4,.222,.200,.222,.422,2,0,0,0,1,0,/2,,josepca01
72,Alex Avila*,27,DET,AL,3,9,9,0,2,1,0,0,0,0,0,0,4,.222,.222,.333,.556,3,0,0,0,0,0,/*2,,avilaal01
73,Delmon Young,28,BAL,AL,4,9,9,0,2,1,0,0,4,0,0,0,3,.222,.222,.333,.556,3,2,0,0,0,0,/H7D,,youngde03
74,Tony Cruz,27,STL,NL,4,7,5,2,1,0,0,1,1,0,0,2,2,.200,.429,.800,1.229,4,0,0,0,0,0,/2H,,cruzto03
75,Matt Duffy,23,SFG,NLWS,8,7,6,2,1,0,0,0,0,0,0,0,2,.167,.167,.167,.333,1,0,0,1,0,0,/H6,,duffyma01
76,A.J. Pierzynski*,37,STL,NL,2,7,6,0,1,0,0,0,1,0,0,1,1,.167,.286,.167,.452,1,0,0,0,0,0,/2,,pierza.01
77,Óscar Taveras*,22,STL,NL,7,7,7,2,3,0,0,1,1,0,0,0,1,.429,.429,.857,1.286,6,0,0,0,0,0,/*H9,,taveros01
78,Coco Crisp#,34,OAK,AL,1,6,6,1,2,0,0,0,1,0,0,0,3,.333,.333,.333,.667,2,0,0,0,0,0,*/8,,crispco01
79,Rajai Davis,33,DET,AL,3,6,6,0,2,0,0,0,0,0,0,0,0,.333,.333,.333,.667,2,0,0,0,0,0,/8H,,davisra01
80,Josh Donaldson,28,OAK,AL,1,6,5,1,2,0,0,0,0,0,0,1,2,.400,.500,.400,.900,2,0,0,0,0,0,/*5,,donaljo02
81,Andre Ethier*,32,LAD,NL,2,6,4,0,1,1,0,0,0,0,0,2,1,.250,.500,.500,1.000,2,0,0,0,0,0,/78,,ethiean01
82,Sam Fuld*,32,OAK,AL,1,6,5,1,2,0,0,0,0,0,0,1,1,.400,.500,.400,.900,2,0,0,0,0,0,*/78,,fuldsa01
83,Clayton Kershaw*,26,LAD,NL,2,6,2,0,1,0,0,0,0,0,0,1,0,.500,.667,.500,1.167,1,0,0,3,0,0,/1,,kershcl01
84,Jed Lowrie#,30,OAK,AL,1,6,5,0,0,0,0,0,0,0,0,0,0,.000,.000,.000,.000,0,0,0,1,0,0,/*6,,lowrije01
85,Brandon Moss*,30,OAK,AL,1,6,5,2,2,0,0,2,5,0,0,1,2,.400,.500,1.600,2.100,8,0,0,0,0,1,/*D,,mossbr01
86,Josh Reddick*,27,OAK,AL,1,6,4,2,2,0,0,0,0,0,0,2,0,.500,.667,.500,1.167,2,0,0,0,0,0,*/9,,reddijo01
87,Tim Hudson,38,SFG,NLWS,4,5,4,0,1,0,0,0,0,0,0,0,1,.250,.250,.250,.500,1,0,0,1,0,0,/1,,hudsoti01
88,Pete Kozma,26,STL,NL,2,5,5,0,0,0,0,0,0,0,0,0,3,.000,.000,.000,.000,0,0,0,0,0,0,/4H,,kozmape01
89,Derek Norris,25,OAK,AL,1,5,5,1,1,0,0,0,1,0,0,0,2,.200,.200,.200,.400,1,0,0,0,0,0,/*2,,norride01
90,Adam Wainwright,32,STL,NL,3,5,4,0,0,0,0,0,0,0,0,0,2,.000,.000,.000,.000,0,0,0,1,0,0,/1,,wainwad01
91,Joaquín Árias,29,SFG,NLWS,8,4,4,2,2,0,0,0,1,0,0,0,1,.500,.500,.500,1.000,2,0,0,0,0,0,/H56,,ariasjo01
92,Danny Espinosa#,27,WSN,NL,2,4,4,0,0,0,0,0,0,0,0,0,1,.000,.000,.000,.000,0,0,0,0,0,0,/H4,,espinda01
93,Josh Harrison,26,PIT,NL,1,4,4,0,2,0,0,0,0,0,0,0,1,.500,.500,.500,1.000,2,0,0,0,0,0,/*5,,harrijo05
94,John Lackey,35,STL,NL,2,4,3,0,0,0,0,0,0,0,0,0,1,.000,.250,.000,.250,0,0,1,0,0,0,/1,,lackejo01
95,Lance Lynn#,27,STL,NL,2,4,4,0,0,0,0,0,0,0,0,0,3,.000,.000,.000,.000,0,0,0,0,0,0,/1,,lynnla01
96,Starling Marte,25,PIT,NL,1,4,4,0,1,0,0,0,0,0,0,0,1,.250,.250,.250,.500,1,0,0,0,0,0,*/7,,martest01
97,Russell Martin,31,PIT,NL,1,4,4,0,1,0,0,0,0,0,0,0,0,.250,.250,.250,.500,1,0,0,0,0,0,/*2,,martiru01
98,Andrew McCutchen,27,PIT,NL,1,4,3,0,0,0,0,0,0,0,0,1,1,.000,.250,.000,.250,0,0,0,0,0,0,*/8,,mccutan01
99,Jordy Mercer,27,PIT,NL,1,4,4,0,0,0,0,0,0,0,0,0,2,.000,.000,.000,.000,0,0,0,0,0,0,/*6,,mercejo03
100,Jake Peavy,33,SFG,NLWS,4,4,3,0,0,0,0,0,0,0,0,0,0,.000,.000,.000,.000,0,0,0,1,0,0,/1,,peavyja01
101,Eric Sogard*,28,OAK,AL,1,4,4,0,1,0,0,0,0,0,0,0,2,.250,.250,.250,.500,1,0,0,0,0,0,/*4,,sogarer01
102,Andrew Susac,24,SFG,NLWS,4,4,4,0,1,0,0,0,0,0,0,0,1,.250,.250,.250,.500,1,0,0,0,0,0,/H2D,,susacan01
103,Stephen Vogt*,29,OAK,AL,1,4,3,0,0,0,0,0,0,0,0,1,1,.000,.250,.000,.250,0,0,0,0,0,0,/*3,,vogtst01
104,Neil Walker#,28,PIT,NL,1,4,4,0,0,0,0,0,0,0,0,0,2,.000,.000,.000,.000,0,0,0,0,0,0,/*4,,walkene01
105,Josh Willingham,35,KCR,ALWS,4,4,4,0,1,0,0,0,0,0,0,0,2,.250,.250,.250,.500,1,0,0,0,0,0,/HD,,willijo03
106,Ryan Zimmerman,29,WSN,NL,4,4,4,0,1,0,0,0,0,0,0,0,0,.250,.250,.250,.500,1,0,0,0,0,0,/*H,,zimmery01
107,Daniel Descalso*,27,STL,NL,4,3,2,0,0,0,0,0,0,0,0,0,0,.000,.000,.000,.000,0,0,0,1,0,0,/H34,,descada01
108,Doug Fister*,30,WSN,NL,1,3,3,0,0,0,0,0,0,0,0,0,1,.000,.000,.000,.000,0,0,0,0,0,0,/1,,fistedo01
109,Zack Greinke,30,LAD,NL,1,3,3,1,2,0,0,0,0,0,0,0,0,.667,.667,.667,1.333,2,0,0,0,0,0,/1,,greinza01
110,Shelby Miller,23,STL,NL,2,3,3,0,0,0,0,0,0,0,0,0,2,.000,.000,.000,.000,0,0,0,0,0,0,/1,,millesh01
111,Jayson Nix,31,KCR,ALWS,3,3,3,0,0,0,0,0,0,0,0,0,2,.000,.000,.000,.000,0,0,0,0,0,0,/54,,nixja01
112,Yusmeiro Petit,29,SFG,NLWS,4,3,3,0,1,0,0,0,0,0,0,0,1,.333,.333,.333,.667,1,0,0,0,0,0,/1,,petityu01
113,Gaby Sánchez,30,PIT,NL,1,3,3,0,0,0,0,0,0,0,0,0,0,.000,.000,.000,.000,0,0,0,0,0,0,/*3,,sanchga01
114,Nate Schierholtz*,30,WSN,NL,4,3,1,0,1,1,0,0,0,0,0,2,0,1.000,1.000,2.000,3.000,2,0,0,0,0,1,/*H,,schiena01
115,Jordan Zimmermann,28,WSN,NL,1,3,3,0,0,0,0,0,0,0,0,0,2,.000,.000,.000,.000,0,0,0,0,0,0,/1,,zimmejo02
116,Gordon Beckham,27,LAA,AL,2,2,1,0,0,0,0,0,0,0,0,0,1,.000,.500,.000,.500,0,0,1,0,0,0,/5H,,beckhgo01
117,Peter Bourjos,27,STL,NL,5,2,2,0,0,0,0,0,0,0,0,0,1,.000,.000,.000,.000,0,0,0,0,0,0,/8H,,bourjpe01
118,Ezequiel Carrera*,27,DET,AL,3,2,1,0,0,0,0,0,0,1,0,1,0,.000,.500,.000,.500,0,0,0,0,0,0,/8H,,carreez01
119,Christian Colón,25,KCR,AL,2,2,1,1,1,0,0,0,1,1,0,0,0,1.000,1.000,1.000,2.000,1,0,0,1,0,0,/4DH,,colonch01
120,Jeremy Guthrie,35,KCR,ALWS,3,2,2,0,0,0,0,0,0,0,0,0,0,.000,.000,.000,.000,0,0,0,0,0,0,/1,,guthrje01
121,Bryan Holaday,26,DET,AL,1,2,2,0,0,0,0,0,0,0,0,0,1,.000,.000,.000,.000,0,0,0,0,0,0,/2,,holadbr01
122,Kelly Johnson*,32,BAL,AL,2,2,2,0,0,0,0,0,0,0,0,0,0,.000,.000,.000,.000,0,0,0,0,0,0,/5H,,johnske05
123,Don Kelly*,34,DET,AL,2,2,2,0,1,0,0,0,0,1,0,0,1,.500,.500,.500,1.000,1,0,0,0,0,0,/58,,kellydo01
124,Hernán Pérez,23,DET,AL,2,2,2,0,0,0,0,0,0,0,0,0,0,.000,.000,.000,.000,0,1,0,0,0,0,/H,,perezhe01
125,Nick Punto#,36,OAK,AL,1,2,2,0,0,0,0,0,0,0,0,0,1,.000,.000,.000,.000,0,0,0,0,0,0,/*4H,,puntoni01
126,Hyun Jin Ryu,27,LAD,NL,1,2,1,0,0,0,0,0,0,0,0,0,1,.000,.000,.000,.000,0,0,0,1,0,0,/1,,ryuhy01
127,James Shields,32,KCR,ALWS,5,2,2,0,0,0,0,0,0,0,0,0,1,.000,.000,.000,.000,0,0,0,0,0,0,/1,,shielja02
128,Travis Snider*,26,PIT,NL,1,2,2,0,0,0,0,0,0,0,0,0,2,.000,.000,.000,.000,0,0,0,0,0,0,*/9,,snidetr01
129,José Tábata,25,PIT,NL,1,2,2,0,0,0,0,0,0,0,0,0,1,.000,.000,.000,.000,0,0,0,0,0,0,*/9,,tabatjo01
130,Justin Turner,29,LAD,NL,2,2,2,0,0,0,0,0,0,0,0,0,1,.000,.000,.000,.000,0,0,0,0,0,0,/H,,turneju01
131,Jason Vargas*,31,KCR,ALWS,3,2,2,0,0,0,0,0,0,0,0,0,1,.000,.000,.000,.000,0,0,0,0,0,0,/1,,vargaja01
132,Ryan Vogelsong,36,SFG,NLWS,4,2,2,0,1,0,0,0,0,0,0,0,1,.500,.500,.500,1.000,1,0,0,0,0,0,/1,,vogelry01
133,Gary Brown,25,SFG,NL,1,1,1,0,0,0,0,0,0,0,0,0,1,.000,.000,.000,.000,0,0,0,0,0,0,/H,,brownga02
134,Alberto Callaspo#,31,OAK,AL,1,1,1,0,1,0,0,0,1,0,0,0,0,1.000,1.000,1.000,2.000,1,0,0,0,0,0,/*3H,,callaal01
135,Hank Conger#,26,LAA,AL,1,1,1,0,0,0,0,0,0,0,0,0,1,.000,.000,.000,.000,0,0,0,0,0,0,/H,,congeha01
136,Kevin Frandsen,32,WSN,NL,1,1,1,0,0,0,0,0,0,0,0,0,0,.000,.000,.000,.000,0,0,0,0,0,0,/H,,frandke01
137,Nate Freiman,27,OAK,AL,1,1,1,0,0,0,0,0,0,0,0,0,0,.000,.000,.000,.000,0,0,0,0,0,0,/*3H,,freimna01
138,Marco Gonzales*,22,STL,NL,6,1,0,0,0,0,0,0,0,0,0,0,0,,,,,0,0,0,1,0,0,/1,,gonzama02
139,Gio González,28,WSN,NL,1,1,1,0,0,0,0,0,0,0,0,0,1,.000,.000,.000,.000,0,0,0,0,0,0,/1,,gonzagi01
140,Kelvin Herrera,24,KCR,ALWS,11,1,1,0,0,0,0,0,0,0,0,0,1,.000,.000,.000,.000,0,0,0,0,0,0,*1,,herreke01
141,David Lough*,28,BAL,AL,2,1,1,0,0,0,0,0,0,0,0,0,0,.000,.000,.000,.000,0,0,0,0,0,0,/7H,,loughda01
142,Brent Morel,27,PIT,NL,1,1,1,0,0,0,0,0,0,0,0,0,0,.000,.000,.000,.000,0,0,0,0,0,0,/*H,,morelbr01
143,Efren Navarro*,28,LAA,AL,1,1,1,0,0,0,0,0,0,0,0,0,1,.000,.000,.000,.000,0,0,0,0,0,0,/DH,,navaref01
144,Jimmy Paredes#,25,BAL,AL,1,1,0,0,0,0,0,0,0,0,0,1,0,,1.000,,,0,0,0,0,0,0,/H,,paredji01
145,Tanner Roark,27,WSN,NL,2,1,1,0,0,0,0,0,0,0,0,0,0,.000,.000,.000,.000,0,0,0,0,0,0,/1,,roarkta01
146,Miguel Rojas,25,LAD,NL,1,1,1,0,0,0,0,0,0,0,0,0,0,.000,.000,.000,.000,0,0,0,0,0,0,/6,,rojasmi02
147,Geovany Soto,31,OAK,AL,1,1,1,0,0,0,0,0,0,0,0,0,1,.000,.000,.000,.000,0,0,0,0,0,0,/*2,,sotoge01
148,Stephen Strasburg,25,WSN,NL,1,1,1,0,0,0,0,0,0,0,0,0,0,.000,.000,.000,.000,0,0,0,0,0,0,/1,,strasst01
149,Eugenio Suárez,22,DET,AL,1,1,1,0,0,0,0,0,0,0,0,0,0,.000,.000,.000,.000,0,0,0,0,0,0,/H,,suareeu01
150,Scott Van Slyke,27,LAD,NL,1,1,1,0,0,0,0,0,0,0,0,0,0,.000,.000,.000,.000,0,0,0,0,0,0,/H,,vanslsc01
151,Edinson Vólquez,30,PIT,NL,1,1,1,0,0,0,0,0,0,0,0,0,0,.000,.000,.000,.000,0,0,0,0,0,0,/*1,,volqued01
152,Fernando Abad*,28,OAK,AL,1,0,0,0,0,0,0,0,0,0,0,0,0,,,,,0,0,0,0,0,0,/*1,,abadfe01
153,Jeremy Affeldt*,35,SFG,NLWS,11,0,0,0,0,0,0,0,0,0,0,0,0,,,,,0,,0,0,,,*1,,affelje01
154,Pedro Báez,26,LAD,NL,2,0,0,0,0,0,0,0,0,0,0,0,0,,,,,0,,0,0,,,/1,,baezpe01
155,Aaron Barrett,26,WSN,NL,2,0,0,0,0,0,0,0,0,0,0,0,0,,,,,0,,0,0,,,/1,,barreaa01
156,Jerry Blevins*,30,WSN,NL,3,0,0,0,0,0,0,0,0,0,0,0,0,,,,,0,,0,0,,,/*1,,blevije01
157,Brad Brach,28,BAL,AL,2,0,0,0,0,0,0,0,0,0,0,0,0,,,,,0,0,0,0,0,0,/1,,brachbr01
158,Zack Britton*,26,BAL,AL,6,0,0,0,0,0,0,0,0,0,0,0,0,,,,,0,0,0,0,0,0,/*1,,brittza01
159,Santiago Casilla,33,SFG,NLWS,9,0,0,0,0,0,0,0,0,0,0,0,0,,,,,0,,0,0,,,/1,,garcija01
160,Joba Chamberlain,28,DET,AL,2,0,0,0,0,0,0,0,0,0,0,0,0,,,,,0,0,0,0,0,0,/1,,chambjo03
161,Wei-Yin Chen,28,BAL,AL,2,0,0,0,0,0,0,0,0,0,0,0,0,,,,,0,0,0,0,0,0,/1,,chenwe02
162,Randy Choate*,38,STL,NL,5,0,0,0,0,0,0,0,0,0,0,0,0,,,,,0,,0,0,,,/1,,choatra01
163,Tyler Clippard,29,WSN,NL,3,0,0,0,0,0,0,0,0,0,0,0,0,,,,,0,,0,0,,,/*1,,clippty01
164,Phil Coke*,31,DET,AL,1,0,0,0,0,0,0,0,0,0,0,0,0,,,,,0,0,0,0,0,0,/1,,cokeph01
165,Tim Collins*,24,KCR,ALWS,4,0,0,0,0,0,0,0,0,0,0,0,0,,,,,0,0,0,0,0,0,/1,,colliti01
166,Collin Cowgill,28,LAA,AL,1,0,0,0,0,0,0,0,0,0,0,0,0,,,,,0,,0,0,,,/DH,,cowgico01
167,Wade Davis,28,KCR,ALWS,12,0,0,0,0,0,0,0,0,0,0,0,0,,,,,0,0,0,0,0,0,*1,,daviswa01
168,Sean Doolittle*,27,OAK,AL,1,0,0,0,0,0,0,0,0,0,0,0,0,,,,,0,0,0,0,0,0,/*1,,doolise01
169,Danny Duffy*,25,KCR,ALWS,3,0,0,0,0,0,0,0,0,0,0,0,0,,,,,0,0,0,0,0,0,/1,,duffyda01
170,Scott Elbert*,28,LAD,NL,2,0,0,0,0,0,0,0,0,0,0,0,0,,,,,0,,0,0,,,/1,,elbersc01
171,Brandon Finnegan*,21,KCR,ALWS,7,0,0,0,0,0,0,0,0,0,0,0,0,,,,,0,0,0,0,0,0,/1,,finnebr01
172,Jason Frasor,36,KCR,ALWS,7,0,0,0,0,0,0,0,0,0,0,0,0,,,,,0,0,0,0,0,0,/1,,frasoja01
173,Sam Freeman,27,STL,NL,1,0,0,0,0,0,0,0,0,0,0,0,0,,,,,0,,0,0,,,/1,,freemsa01
174,Kevin Gausman*,23,BAL,AL,3,0,0,0,0,0,0,0,0,0,0,0,0,,,,,0,0,0,0,0,0,/1,,gausmke01
175,Jonny Gomes,33,OAK,AL,1,0,0,0,0,0,0,0,0,0,0,0,0,,,,,0,,0,0,,,*/7,,gomesjo01
176,Miguel González,30,BAL,AL,1,0,0,0,0,0,0,0,0,0,0,0,0,,,,,0,0,0,0,0,0,/1,,gonzami03
177,Terrance Gore,23,KCR,ALWS,6,0,0,2,0,0,0,0,0,3,0,0,0,,,,,0,,0,0,,,/HD,,gorete01
178,Luke Gregerson*,30,OAK,AL,1,0,0,0,0,0,0,0,0,0,0,0,0,,,,,0,0,0,0,0,0,/*1,,gregelu01
179,Jason Grilli,37,LAA,AL,2,0,0,0,0,0,0,0,0,0,0,0,0,,,,,0,0,0,0,0,0,/1,,grillja01
180,Jason Hammel,31,OAK,AL,1,0,0,0,0,0,0,0,0,0,0,0,0,,,,,0,0,0,0,0,0,/*1,,hammeja01
181,John Holdzkom,26,PIT,NL,1,0,0,0,0,0,0,0,0,0,0,0,0,,,,,0,,0,0,,,/*1,,holdzjo01
182,Greg Holland,28,KCR,ALWS,11,0,0,0,0,0,0,0,0,0,0,0,0,,,,,0,0,0,0,0,0,*1,,hollagr01
183,J.P. Howell*,31,LAD,NL,3,0,0,0,0,0,0,0,0,0,0,0,0,,,,,0,,0,0,,,/*1,,howeljp01
184,Jared Hughes,28,PIT,NL,1,0,0,0,0,0,0,0,0,0,0,0,0,,,,,0,,0,0,,,/*1,,hugheja02
185,Tommy Hunter,27,BAL,AL,2,0,0,0,0,0,0,0,0,0,0,0,0,,,,,0,0,0,0,0,0,/1,,hunteto02
186,Kenley Jansen#,26,LAD,NL,1,0,0,0,0,0,0,0,0,0,0,0,0,,,,,0,,0,0,,,/1,,janseke01
187,Kevin Jepsen,29,LAA,AL,3,0,0,0,0,0,0,0,0,0,0,0,0,,,,,0,0,0,0,0,0,/*1,,jepseke01
188,Bobby LaFromboise*,28,PIT,NL,1,0,0,0,0,0,0,0,0,0,0,0,0,,,,,0,,0,0,,,/*1,,lafrobo01
189,Brandon League,31,LAD,NL,4,0,0,0,0,0,0,0,0,0,0,0,0,,,,,0,,0,0,,,/*1,,leagubr01
190,Jon Lester*,30,OAK,AL,1,0,0,0,0,0,0,0,0,0,0,0,0,,,,,0,0,0,0,0,0,/*1,,lestejo01
191,Tim Lincecum*,30,SFG,WS,1,0,0,0,0,0,0,0,0,0,0,0,0,,,,,0,0,0,0,0,0,/1,,linceti01
192,Javier López*,36,SFG,NLWS,9,0,0,0,0,0,0,0,0,0,0,0,0,,,,,0,,0,0,,,/1,,lopezja02
193,Jean Machi,32,SFG,NLWS,7,0,0,0,0,0,0,0,0,0,0,0,0,,,,,0,,0,0,,,/1,,machije01
194,Seth Maness,25,STL,NL,6,0,0,0,0,0,0,0,0,0,0,0,0,,,,,0,,0,0,,,/1,,manesse01
195,Carlos Martínez,22,STL,NL,4,0,0,0,0,0,0,0,0,0,0,0,0,,,,,0,,0,0,,,/1,,martica04
196,Brian Matusz*,27,BAL,AL,1,0,0,0,0,0,0,0,0,0,0,0,0,,,,,0,0,0,0,0,0,/1,,matusbr01
197,Mark Melancon,29,PIT,NL,1,0,0,0,0,0,0,0,0,0,0,0,0,,,,,0,,0,0,,,/*1,,melanma01
198,Andrew Miller*,29,BAL,AL,5,0,0,0,0,0,0,0,0,0,0,0,0,,,,,0,0,0,0,0,0,/*1,,millean01
199,Mike Morin,23,LAA,AL,1,0,0,0,0,0,0,0,0,0,0,0,0,,,,,0,0,0,0,0,0,/1,,morinmi01
200,Joe Nathan,39,DET,AL,1,0,0,0,0,0,0,0,0,0,0,0,0,,,,,0,0,0,0,0,0,/1,,nathajo01
201,Pat Neshek#,33,STL,NL,8,0,0,0,0,0,0,0,0,0,0,0,0,,,,,0,,0,0,,,/*1,,neshepa01
202,Bud Norris,29,BAL,AL,2,0,0,0,0,0,0,0,0,0,0,0,0,,,,,0,0,0,0,0,0,/1,,norribu01
203,Darren O'Day,31,BAL,AL,4,0,0,0,0,0,0,0,0,0,0,0,0,,,,,0,0,0,0,0,0,/1,,odayda01
204,Dan Otero,29,OAK,AL,1,0,0,0,0,0,0,0,0,0,0,0,0,,,,,0,0,0,0,0,0,/*1,,oteroda01
205,Vinnie Pestano,29,LAA,AL,2,0,0,0,0,0,0,0,0,0,0,0,0,,,,,0,0,0,0,0,0,/1,,pestavi01
206,David Price*,28,DET,AL,1,0,0,0,0,0,0,0,0,0,0,0,0,,,,,0,0,0,0,0,0,/1,,priceda01
207,Cory Rasmus,26,LAA,AL,1,0,0,0,0,0,0,0,0,0,0,0,0,,,,,0,0,0,0,0,0,/1,,rasmuco02
208,Sergio Romo,31,SFG,NLWS,9,0,0,0,0,0,0,0,0,0,0,0,0,,,,,0,,0,0,,,/1,,romose01
209,Trevor Rosenthal,24,STL,NL,4,0,0,0,0,0,0,0,0,0,0,0,0,,,,,0,,0,0,,,/1,,rosentr01
210,Fernando Salas,29,LAA,AL,2,0,0,0,0,0,0,0,0,0,0,0,0,,,,,0,0,0,0,0,0,/1,,salasfe01
211,Aníbal Sánchez,30,DET,AL,1,0,0,0,0,0,0,0,0,0,0,0,0,,,,,0,0,0,0,0,0,/1,,sanchan01
212,Héctor Santiago,26,LAA,AL,1,0,0,0,0,0,0,0,0,0,0,0,0,,,,,0,0,0,0,0,0,/1,,santihe01
213,Max Scherzer,29,DET,AL,1,0,0,0,0,0,0,0,0,0,0,0,0,,,,,0,0,0,0,0,0,/1,,scherma01
214,Matt Shoemaker,27,LAA,AL,1,0,0,0,0,0,0,0,0,0,0,0,0,,,,,0,0,0,0,0,0,/1,,shoemma01
215,Joe Smith,30,LAA,AL,2,0,0,0,0,0,0,0,0,0,0,0,0,,,,,0,0,0,0,0,0,/1,,smithjo05
216,Joakim Soria,30,DET,AL,2,0,0,0,0,0,0,0,0,0,0,0,0,,,,,0,0,0,0,0,0,/1,,soriajo01
217,Rafael Soriano,34,WSN,NL,2,0,0,0,0,0,0,0,0,0,0,0,0,,,,,0,,0,0,,,/1,,soriara01
218,Craig Stammen,30,WSN,NL,2,0,0,0,0,0,0,0,0,0,0,0,0,,,,,0,,0,0,,,/1,,stammcr01
219,Drew Storen#,26,WSN,NL,2,0,0,0,0,0,0,0,0,0,0,0,0,,,,,0,,0,0,,,/1,,storedr01
220,Huston Street,30,LAA,AL,2,0,0,0,0,0,0,0,0,0,0,0,0,,,,,0,0,0,0,0,0,/1,,streehu01
221,Hunter Strickland,25,SFG,NLWS,8,0,0,0,0,0,0,0,0,0,0,0,0,,,,,0,,0,0,,,/1,,strichu01
222,Matt Thornton*,37,WSN,NL,3,0,0,0,0,0,0,0,0,0,0,0,0,,,,,0,,0,0,,,/*1,,thornma01
223,Chris Tillman,26,BAL,AL,2,0,0,0,0,0,0,0,0,0,0,0,0,,,,,0,0,0,0,0,0,/1,,tillmch01
224,Yordano Ventura,23,KCR,ALWS,5,0,0,0,0,0,0,0,0,0,0,0,0,,,,,0,0,0,0,0,0,/1,,ventuyo01
225,Justin Verlander,31,DET,AL,1,0,0,0,0,0,0,0,0,0,0,0,0,,,,,0,0,0,0,0,0,/1,,verlaju01
226,Michael Wacha,22,STL,NL,1,0,0,0,0,0,0,0,0,0,0,0,0,,,,,0,,0,0,,,/1,,wachami01
227,Jered Weaver,31,LAA,AL,1,0,0,0,0,0,0,0,0,0,0,0,0,,,,,0,0,0,0,0,0,/1,,weaveje02
228,Brian Wilson,32,LAD,NL,1,0,0,0,0,0,0,0,0,0,0,0,0,,,,,0,,0,0,,,/1,,wilsobr01
229,C.J. Wilson*,33,LAA,AL,1,0,0,0,0,0,0,0,0,0,0,0,0,,,,,0,0,0,0,0,0,/1,,wilsocj01
230,Justin Wilson*,26,PIT,NL,1,0,0,0,0,0,0,0,0,0,0,0,0,,,,,0,,0,0,,,/*1,,wilsoju10
,MLB Average,,,,,,,,,,,,,,,,,.239,.303,.359,.662,,,,,,,,,-9999