Rk,Player,Age,Team,Lg,W,L,W-L%,ERA,G,GS,GF,CG,SHO,SV,IP,H,R,ER,HR,BB,IBB,SO,HBP,BK,WP,BF,FIP,WHIP,H9,HR9,BB9,SO9,SO/BB,Awards,Player-additional
1,Yoshinobu Yamamoto,26,LAD,NLWS,5,1,.833,1.45,6,5,1,2,0,0,37.1,23,8,6,2,6,0,33,3,0,0,144,2.79,0.777,5.5,0.5,1.4,8.0,5.50,WS MVP,yamamyo01
2,Blake Snell*,32,LAD,NLWS,3,2,.600,3.18,6,5,0,0,0,0,34.0,21,12,12,3,13,0,41,1,0,2,130,3.11,1.000,5.6,0.8,3.4,10.9,3.15,,snellbl01
3,Kevin Gausman,34,TOR,ALWS,2,3,.400,2.93,6,5,0,0,0,0,30.2,17,10,10,4,11,2,26,0,0,0,118,4.21,0.913,5.0,1.2,3.2,7.6,2.36,,gausmke01
4,Trey Yesavage,21,TOR,ALWS,3,1,.750,3.58,6,5,0,0,0,0,27.2,18,11,11,4,11,1,39,2,0,1,109,3.60,1.048,5.9,1.3,3.6,12.7,3.55,,yesavtr01
5,Tyler Glasnow,31,LAD,NLWS,0,0,,1.69,6,3,1,0,0,1,21.1,15,6,4,1,11,0,25,0,0,0,88,2.95,1.219,6.3,0.4,4.6,10.5,2.27,,glasnty01
6,Tarik Skubal*,28,DET,AL,1,0,1.000,1.74,3,3,0,0,0,0,20.2,10,4,4,2,4,0,36,0,0,0,75,1.49,0.677,4.4,0.9,1.7,15.7,9.00,,skubata01
7,Shohei Ohtani,30,LAD,NLWS,2,1,.667,4.43,4,4,0,0,0,0,20.1,16,10,10,2,7,1,28,1,0,1,83,2.84,1.131,7.1,0.9,3.1,12.4,4.00,NLCS MVP,ohtansh01
8,Shane Bieber,30,TOR,ALWS,2,1,.667,3.86,5,4,1,0,0,0,18.2,21,9,8,3,6,0,18,0,0,1,83,4.26,1.446,10.1,1.4,2.9,8.7,3.00,,biebesh01
9,George Kirby,27,SEA,AL,0,1,.000,6.00,4,4,0,0,0,0,18.0,21,12,12,4,4,0,21,1,0,1,79,4.52,1.389,10.5,2.0,2.0,10.5,5.25,,kirbyge01
10,Louis Varland,27,TOR,ALWS,0,1,.000,3.94,15,1,1,0,0,0,16.0,14,7,7,4,3,0,17,1,1,0,65,5.01,1.063,7.9,2.3,1.7,9.6,5.67,,varlalo01
11,Freddy Peralta,29,MIL,NL,1,2,.333,4.70,3,3,0,0,0,0,15.1,12,8,8,5,6,0,19,1,0,0,64,6.27,1.174,7.0,2.9,3.5,11.2,3.17,,peralfr01
12,Logan Gilbert,28,SEA,AL,1,1,.500,4.20,4,3,0,0,0,0,15.0,19,9,7,2,3,1,14,1,0,0,69,3.80,1.467,11.4,1.2,1.8,8.4,4.67,,gilbelo01
13,Bryce Miller,26,SEA,AL,1,0,1.000,2.51,3,3,0,0,0,0,14.1,10,4,4,1,5,1,9,0,0,0,55,3.83,1.047,6.3,0.6,3.1,5.7,1.80,,millebr04
14,Max Scherzer,40,TOR,ALWS,1,0,1.000,3.77,3,3,0,0,0,0,14.1,12,6,6,3,6,0,11,0,0,0,58,5.58,1.256,7.5,1.9,3.8,6.9,1.83,,scherma01
15,Cam Schlittler,24,NYY,AL,1,1,.500,1.26,2,2,0,0,0,0,14.1,13,4,2,0,0,0,14,0,0,1,56,1.18,0.907,8.2,0.0,0.0,8.8,,,schlica01
16,Jeff Hoffman,32,TOR,ALWS,0,0,,1.46,10,0,6,0,0,2,12.1,6,2,2,1,4,2,18,2,0,1,48,2.73,0.811,4.4,0.7,2.9,13.1,4.50,,hoffmje02
17,Jacob Misiorowski,23,MIL,NL,2,1,.667,1.50,3,0,0,0,0,0,12.0,7,3,2,1,3,0,16,0,0,0,46,2.30,0.833,5.3,0.8,2.3,12.0,5.33,,misioja01
18,Cristopher Sánchez*,28,PHI,NL,0,0,,2.25,2,2,0,0,0,0,12.0,9,3,3,0,3,0,13,2,0,0,50,2.22,1.000,6.8,0.0,2.3,9.8,4.33,,sanchcr01
19,Eduard Bazardo,29,SEA,AL,1,1,.500,3.86,9,0,0,0,0,0,11.2,11,5,5,3,1,1,13,0,0,0,46,4.51,1.029,8.5,2.3,0.8,10.0,13.00,,bazared01
20,Seranthony Domínguez,30,TOR,ALWS,2,0,1.000,3.18,12,0,3,0,0,0,11.1,5,4,4,2,11,0,10,1,0,1,50,6.84,1.412,4.0,1.6,8.7,7.9,0.91,,dominse01
21,Roki Sasaki,23,LAD,NLWS,0,0,,0.84,9,0,5,0,0,3,10.2,6,1,1,0,5,0,6,1,0,0,43,3.70,1.031,5.1,0.0,4.2,5.1,1.20,,sasakro01
22,Jack Flaherty,29,DET,AL,0,1,.000,3.60,3,2,0,0,0,0,10.0,7,5,4,1,8,0,12,0,0,0,41,4.44,1.500,6.3,0.9,7.2,10.8,1.50,,flaheja01
23,Matthew Boyd*,34,CHC,NL,0,1,.000,2.79,3,3,0,0,0,0,9.2,10,7,3,0,5,0,9,0,0,0,45,2.82,1.552,9.3,0.0,4.7,8.4,1.80,,boydma01
24,Max Fried*,31,NYY,AL,0,1,.000,6.75,2,2,0,0,0,0,9.1,12,7,7,1,5,0,7,0,0,0,43,4.64,1.821,11.6,1.0,4.8,6.8,1.40,,friedma01
25,Matt Brash,27,SEA,AL,1,0,1.000,2.00,8,0,0,0,0,0,9.0,3,3,2,0,5,0,10,1,0,2,37,2.91,0.889,3.0,0.0,5.0,10.0,2.00,,brashma01
26,Chad Patrick,26,MIL,NL,0,1,.000,2.00,6,0,1,0,0,0,9.0,3,2,2,2,1,0,11,0,0,0,31,3.91,0.444,3.0,2.0,1.0,11.0,11.00,,patrich01
27,Chris Bassitt,36,TOR,ALWS,0,0,,1.04,7,0,1,0,0,0,8.2,3,1,1,0,2,0,10,0,0,0,30,1.52,0.577,3.1,0.0,2.1,10.4,5.00,,bassich01
28,Eric Lauer*,30,TOR,ALWS,0,0,,3.12,5,0,2,0,0,0,8.2,6,3,3,0,6,4,8,0,0,0,38,3.37,1.385,6.2,0.0,6.2,8.3,1.33,,lauerer01
29,Luis Castillo,32,SEA,AL,1,1,.500,3.24,3,2,1,0,0,0,8.1,6,3,3,1,5,0,5,0,0,0,36,5.30,1.320,6.5,1.1,5.4,5.4,1.00,,castilu02
30,Troy Melton,24,DET,AL,1,1,.500,5.40,4,1,0,0,0,0,8.1,8,5,5,2,4,2,8,0,0,0,36,5.78,1.440,8.6,2.2,4.3,8.6,2.00,,meltotr01
31,Andrés Muñoz,26,SEA,AL,0,0,,0.00,7,0,5,0,0,2,8.1,2,0,0,0,2,0,5,0,0,0,27,2.66,0.480,2.2,0.0,2.2,5.4,2.50,,munozan01
32,Carlos Rodón*,32,NYY,AL,0,0,,9.72,2,2,0,0,0,0,8.1,10,9,9,2,5,1,8,2,0,1,41,6.86,1.800,10.8,2.2,5.4,8.6,1.60,,rodonca01
33,Jameson Taillon,33,CHC,NL,0,0,,2.25,2,2,0,0,0,0,8.0,7,2,2,0,1,0,7,0,0,0,32,1.76,1.000,7.9,0.0,1.1,7.9,7.00,,taillja01
34,Will Vest,30,DET,AL,1,0,1.000,0.00,5,0,3,0,0,1,8.0,2,0,0,0,0,0,9,1,0,0,27,1.26,0.250,2.3,0.0,0.0,10.1,,,vestwi01
35,Garrett Crochet*,26,BOS,AL,1,0,1.000,1.17,1,1,0,0,0,0,7.2,4,1,1,1,0,0,11,0,0,0,26,1.96,0.522,4.7,1.2,0.0,12.9,,,crochga01
36,Jesús Luzardo*,27,PHI,NL,0,2,.000,2.35,2,1,0,0,0,0,7.2,5,3,2,0,1,0,8,0,0,0,29,1.44,0.783,5.9,0.0,1.2,9.4,8.00,,luzarje01
37,Daniel Palencia,25,CHC,NL,3,0,1.000,3.52,6,0,0,0,0,0,7.2,5,3,3,1,2,0,3,1,0,0,29,5.22,0.913,5.9,1.2,2.3,3.5,1.50,,palenda01
38,Colin Rea,34,CHC,NL,0,1,.000,1.17,3,0,1,0,0,0,7.2,9,1,1,1,3,0,3,0,0,0,33,5.22,1.565,10.6,1.2,3.5,3.5,1.00,,reaco01
39,Kyle Finnegan,33,DET,AL,1,1,.500,3.68,6,0,0,0,0,0,7.1,7,3,3,0,2,0,3,0,0,1,30,3.14,1.227,8.6,0.0,2.5,3.7,1.50,,finneky01
40,Emmet Sheehan,25,LAD,NLWS,0,0,,8.59,6,0,0,0,0,0,7.1,13,7,7,0,5,1,6,0,0,1,39,3.54,2.455,16.0,0.0,6.1,7.4,1.20,,sheehem01
41,Gabe Speier*,30,SEA,AL,1,1,.500,6.14,7,0,0,0,0,0,7.1,6,5,5,2,2,1,6,0,0,0,30,5.86,1.091,7.4,2.5,2.5,7.4,3.00,,speiega01
42,Braydon Fisher,24,TOR,ALWS,0,0,,6.43,8,0,1,0,0,0,7.0,9,5,5,2,4,1,10,0,0,0,32,5.71,1.857,11.6,2.6,5.1,12.9,2.50,,fishebr02
43,Carlos Vargas,25,SEA,AL,0,1,.000,6.43,6,0,2,0,0,0,7.0,10,5,5,1,3,0,4,0,0,2,33,5.14,1.857,12.9,1.3,3.9,5.1,1.33,,vargaca01
44,Aaron Ashby*,27,MIL,NL,0,0,,5.40,7,3,0,0,0,0,6.2,8,5,4,1,6,0,7,1,0,0,36,6.14,2.100,10.8,1.4,8.1,9.5,1.17,,ashbyaa01
45,Shota Imanaga*,31,CHC,NL,0,1,.000,8.10,2,1,0,0,0,0,6.2,8,6,6,3,2,0,6,0,0,0,30,8.09,1.500,10.8,4.1,2.7,8.1,3.00,,imanash01
46,Jared Koenig*,31,MIL,NL,0,0,,1.35,6,0,2,0,0,0,6.2,4,1,1,1,2,0,7,0,0,0,26,3.89,0.900,5.4,1.4,2.7,9.5,3.50,,koenija01
47,Mason Fluharty*,23,TOR,ALWS,0,0,,5.68,11,0,1,0,0,0,6.1,9,5,4,1,3,1,9,0,0,1,31,3.77,1.895,12.8,1.4,4.3,12.8,3.00,,fluhama01
48,David Bednar,30,NYY,AL,0,0,,1.50,5,0,4,0,0,2,6.0,3,1,1,0,1,0,9,0,0,0,22,0.64,0.667,4.5,0.0,1.5,13.5,9.00,,bednada01
49,Casey Mize,28,DET,AL,0,0,,3.00,2,2,0,0,0,0,6.0,3,2,2,1,4,0,7,0,0,0,25,4.97,1.167,4.5,1.5,6.0,10.5,1.75,,mizeca01
50,Drew Pomeranz*,36,CHC,NL,1,0,1.000,1.50,6,1,0,0,0,0,6.0,1,1,1,1,0,0,6,0,0,0,19,3.30,0.167,1.5,1.5,0.0,9.0,,,pomerdr01
51,Abner Uribe,25,MIL,NL,0,0,,3.00,5,0,3,0,0,1,6.0,3,2,2,0,4,1,6,0,0,0,25,3.14,1.167,4.5,0.0,6.0,9.0,1.50,,uribeab01
52,Gavin Williams,25,CLE,AL,0,1,.000,0.00,1,1,0,0,0,0,6.0,5,2,0,0,1,0,8,0,0,0,24,0.97,1.000,7.5,0.0,1.5,12.0,8.00,,williga01
53,Anthony Banda*,31,LAD,NLWS,0,0,,9.53,7,0,0,0,0,0,5.2,7,6,6,2,2,2,3,0,0,1,26,7.72,1.588,11.1,3.2,3.2,4.8,1.50,,bandaan01
54,Brad Keller,29,CHC,NL,0,0,,1.59,5,0,3,0,0,2,5.2,2,1,1,1,2,0,5,2,0,1,22,5.78,0.706,3.2,1.6,3.2,7.9,2.50,,kellebr01
55,Keider Montero,24,DET,AL,0,0,,0.00,3,0,1,0,0,1,5.1,1,1,0,0,2,0,2,2,0,0,20,4.64,0.563,1.7,0.0,3.4,3.4,1.00,,monteke01
56,Blake Treinen,37,LAD,NLWS,0,0,,6.75,10,0,4,0,0,1,5.1,10,4,4,0,2,0,5,0,0,0,28,2.39,2.250,16.9,0.0,3.4,8.4,2.50,,treinbl01
57,Andrew Kittredge,35,CHC,NL,0,1,.000,5.40,5,1,1,0,0,1,5.0,5,3,3,2,1,0,3,0,0,0,21,7.74,1.200,9.0,3.6,1.8,5.4,3.00,,kittran01
58,Will Klein,25,LAD,WS,1,0,1.000,0.00,2,0,2,0,0,0,5.0,2,0,0,0,2,0,5,0,0,1,19,2.34,0.800,3.6,0.0,3.6,9.0,2.50,,kleinwi01
59,Nick Pivetta,32,SDP,NL,0,1,.000,3.60,1,1,0,0,0,0,5.0,3,2,2,2,0,0,9,0,0,0,18,4.74,0.600,5.4,3.6,0.0,16.2,,,pivetni01
60,Jose Quintana*,36,MIL,NL,0,1,.000,5.40,2,1,0,0,0,0,5.0,8,3,3,1,2,0,3,0,0,0,25,5.74,2.000,14.4,1.8,3.6,5.4,1.50,,quintjo01
61,Ranger Suarez*,29,PHI,NL,1,0,1.000,1.80,1,0,0,0,0,0,5.0,5,1,1,1,1,0,4,0,0,0,20,4.74,1.200,9.0,1.8,1.8,7.2,4.00,,suarera01
62,Justin Wrobleski*,24,LAD,WS,0,0,,0.00,4,0,0,0,0,0,5.0,4,0,0,0,0,0,6,1,0,0,20,1.34,0.800,7.2,0.0,0.0,10.8,,,wroblju01
63,Tanner Bibee,26,CLE,AL,0,0,,1.93,1,1,0,0,0,0,4.2,5,1,1,0,3,0,6,0,0,1,22,2.49,1.714,9.6,0.0,5.8,11.6,2.00,,bibeeta01
64,Tyler Holton*,29,DET,AL,0,0,,1.93,5,0,0,0,0,0,4.2,5,1,1,0,1,0,2,0,0,0,18,2.92,1.286,9.6,0.0,1.9,3.9,2.00,,holtoty01
65,Quinn Priester,24,MIL,NL,0,1,.000,7.71,2,1,0,0,0,0,4.2,6,4,4,1,5,1,2,0,0,0,23,8.28,2.357,11.6,1.9,9.6,3.9,0.40,,priesqu01
66,Alex Vesia*,29,LAD,NL,2,0,1.000,3.86,7,0,1,0,0,0,4.2,3,2,2,0,3,0,4,0,0,1,19,3.35,1.286,5.8,0.0,5.8,7.7,1.33,,vesiaal01
67,Will Warren,26,NYY,AL,0,0,,11.57,1,0,0,0,0,0,4.2,7,6,6,4,1,0,4,0,0,1,22,13.21,1.714,13.5,7.7,1.9,7.7,4.00,,warrewi01
68,Aaron Civale,30,CHC,NL,0,0,,0.00,1,0,0,0,0,0,4.1,3,0,0,0,0,0,3,0,0,0,15,1.75,0.692,6.2,0.0,0.0,6.2,,,civalaa01
69,Adrián Morejón*,26,SDP,NL,1,0,1.000,0.00,3,0,0,0,0,0,4.1,2,0,0,0,0,0,2,0,0,0,14,2.21,0.462,4.2,0.0,0.0,4.2,,,morejad01
70,Bryan Woo,25,SEA,AL,0,0,,6.23,2,0,0,0,0,0,4.1,4,3,3,0,3,1,2,1,0,0,20,4.98,1.615,8.3,0.0,6.2,4.2,0.67,,woobr01
71,Jack Dreyer*,26,LAD,NLWS,0,0,,0.00,4,0,1,0,0,0,4.0,3,0,0,0,3,1,4,1,0,0,20,4.14,1.500,6.8,0.0,6.8,9.0,1.33,,dreyeja01
72,Emerson Hancock,26,SEA,AL,0,0,,4.50,2,0,2,0,0,0,4.0,2,2,2,0,5,0,3,0,0,0,18,5.39,1.750,4.5,0.0,11.3,6.8,0.60,,hancoem01
73,Brendon Little*,28,TOR,ALWS,0,2,.000,11.25,6,0,1,0,0,0,4.0,7,5,5,2,5,1,3,0,0,1,24,11.89,3.000,15.8,4.5,11.3,6.8,0.60,,littlbr02
74,Trevor Megill,31,MIL,NL,0,0,,2.25,5,1,0,0,0,0,4.0,3,1,1,1,1,0,5,0,0,0,16,4.64,1.000,6.8,2.3,2.3,11.3,5.00,,megiltr01
75,Devin Williams,30,NYY,AL,1,0,1.000,0.00,4,0,0,0,0,0,4.0,3,0,0,0,2,0,4,0,0,0,16,2.64,1.250,6.8,0.0,4.5,9.0,2.00,,willide03
76,Dylan Cease,29,SDP,NL,0,0,,0.00,1,1,0,0,0,0,3.2,3,0,0,0,1,1,5,0,0,1,15,1.23,1.091,7.4,0.0,2.5,12.3,5.00,,ceasedy01
77,Fernando Cruz,35,NYY,AL,0,0,,2.45,4,0,0,0,0,0,3.2,3,1,1,0,2,0,4,0,0,0,16,2.59,1.364,7.4,0.0,4.9,9.8,2.00,,cruzfe01
78,Jhoan Duran,27,PHI,NL,0,0,,0.00,3,0,2,0,0,0,3.2,1,0,0,0,4,1,7,0,0,0,16,2.59,1.364,2.5,0.0,9.8,17.2,1.75,,duranjh01
79,Connelly Early*,23,BOS,AL,0,1,.000,7.36,1,1,0,0,0,0,3.2,6,4,3,0,1,0,6,0,0,0,19,0.68,1.909,14.7,0.0,2.5,14.7,6.00,,earlyco01
80,Brant Hurter*,26,DET,AL,0,0,,4.91,4,0,2,0,0,0,3.2,2,2,2,2,0,0,1,0,0,0,13,9.68,0.545,4.9,4.9,0.0,2.5,,,hurtebr01
81,Caleb Thielbar*,38,CHC,NL,0,0,,0.00,5,0,1,0,0,0,3.2,2,0,0,0,3,0,5,0,0,0,16,2.86,1.364,4.9,0.0,7.4,12.3,1.67,,thielca01
82,Camilo Doval,27,NYY,AL,0,0,,2.70,3,0,0,0,0,0,3.1,3,1,1,0,0,0,1,1,0,0,14,3.44,0.900,8.1,0.0,0.0,2.7,,,dovalca01
83,Zack Littell,29,CIN,NL,0,1,.000,8.10,1,1,0,0,0,0,3.1,6,3,3,0,0,0,2,1,0,0,17,2.84,1.800,16.2,0.0,0.0,5.4,,,litteza01
84,Cade Smith,26,CLE,AL,1,0,1.000,0.00,3,0,3,0,0,0,3.1,0,0,0,0,2,0,4,2,0,0,15,4.34,0.600,0.0,0.0,5.4,10.8,2.00,,smithca06
85,Hunter Greene,25,CIN,NL,0,1,.000,15.00,1,1,0,0,0,0,3.0,6,5,5,3,2,0,4,0,0,1,17,15.47,2.667,18.0,9.0,6.0,12.0,2.00,,greenhu01
86,Tim Hill*,35,NYY,AL,1,0,1.000,0.00,3,0,1,0,0,0,3.0,1,0,0,0,0,0,1,0,0,0,10,2.47,0.333,3.0,0.0,0.0,3.0,,,hillti01
87,Luke Jackson,33,SEA,AL,0,0,,3.00,2,0,2,0,0,0,3.0,3,1,1,1,0,0,1,0,0,1,12,6.80,1.000,9.0,3.0,0.0,3.0,,,jackslu01
88,Grant Anderson,28,MIL,NL,0,0,,0.00,2,0,1,0,0,0,2.2,1,0,0,0,0,0,2,0,0,0,7,1.64,0.375,3.4,0.0,0.0,6.8,,,andergr01
89,Joey Cantillo*,25,CLE,AL,0,1,.000,3.38,1,0,0,0,0,0,2.2,2,1,1,1,2,0,3,0,0,0,11,8.01,1.500,6.8,3.4,6.8,10.1,1.50,,cantijo01
90,Jeremiah Estrada,26,SDP,NL,0,0,,3.38,2,0,0,0,0,0,2.2,2,1,1,0,2,1,2,0,0,1,11,3.89,1.500,6.8,0.0,6.8,6.8,1.00,,estraje01
91,Caleb Ferguson*,28,SEA,AL,0,0,,16.88,3,0,0,0,0,0,2.2,6,5,5,1,3,1,2,0,0,1,17,9.89,3.375,20.3,3.4,10.1,6.8,0.67,,ferguca01
92,Hunter Gaddis,27,CLE,AL,0,0,,6.75,3,0,0,0,0,0,2.2,5,2,2,0,1,1,3,1,0,0,15,3.14,2.250,16.9,0.0,3.4,10.1,3.00,,gaddihu01
93,Robert Gasser*,26,MIL,NL,0,0,,6.75,2,0,1,0,0,0,2.2,6,2,2,2,2,1,2,1,0,0,17,14.76,3.000,20.3,6.8,6.8,6.8,1.00,,gassero01
94,Luis Gil,27,NYY,AL,0,1,.000,6.75,1,1,0,0,0,0,2.2,4,2,2,2,0,0,2,0,0,0,12,11.39,1.500,13.5,6.8,0.0,6.8,,,gillu01
95,Orion Kerkering,24,PHI,NL,0,0,,6.75,4,0,1,0,0,0,2.2,1,2,2,0,2,0,3,0,0,0,13,3.14,1.125,3.4,0.0,6.8,10.1,1.50,,kerkeor01
96,Mason Miller,26,SDP,NL,0,0,,0.00,2,0,0,0,0,0,2.2,0,0,0,0,0,0,8,1,0,0,9,-1.74,0.000,0.0,0.0,0.0,27.0,,,millema03
97,Yariel Rodríguez,28,TOR,AL,0,0,,10.13,4,0,0,0,0,0,2.2,2,3,3,2,4,0,1,0,0,0,14,16.64,2.250,6.8,6.8,13.5,3.4,0.25,,rodriya01
98,Brayan Bello,26,BOS,AL,0,0,,7.71,1,1,0,0,0,0,2.1,4,2,2,1,1,0,0,0,0,0,11,9.99,2.143,15.4,3.9,3.9,0.0,0.00,,bellobr01
99,Slade Cecconi,26,CLE,AL,0,0,,3.86,1,1,0,0,0,0,2.1,2,1,1,0,1,0,3,0,0,0,10,1.85,1.286,7.7,0.0,3.9,11.6,3.00,,ceccosl01
100,Aroldis Chapman*,37,BOS,AL,0,0,,0.00,2,0,2,0,0,1,2.1,4,0,0,0,0,0,5,0,1,0,11,-1.15,1.714,15.4,0.0,0.0,19.3,,,chapmar01
101,Tommy Kahnle,35,DET,AL,0,1,.000,3.86,4,0,1,0,0,0,2.1,5,3,1,0,2,1,2,1,0,0,15,5.28,3.000,19.3,0.0,7.7,7.7,1.00,,kahnlto01
102,Clayton Kershaw*,37,LAD,NLWS,0,0,,15.43,2,0,0,0,0,0,2.1,6,5,4,2,3,1,0,0,0,0,15,18.14,3.857,23.1,7.7,11.6,0.0,0.00,,kershcl01
103,Matt Strahm*,33,PHI,NL,0,0,,3.86,3,0,0,0,0,0,2.1,2,1,1,1,0,0,2,0,0,0,9,6.99,0.857,7.7,3.9,0.0,7.7,,,strahma01
104,Robert Suarez,34,SDP,NL,0,0,,3.86,2,0,1,0,0,1,2.1,5,1,1,1,0,0,2,0,0,0,11,6.99,2.143,19.3,3.9,0.0,7.7,,,suarero01
105,Ben Brown,25,CHC,NL,0,0,,0.00,1,0,1,0,0,0,2.0,1,0,0,0,2,0,3,0,0,1,9,3.14,1.500,4.5,0.0,9.0,13.5,1.50,,brownbe02
106,Edgardo Henriquez,23,LAD,NLWS,0,0,,4.50,3,0,0,0,0,0,2.0,2,1,1,0,4,0,2,1,0,1,13,5.64,3.000,9.0,0.0,18.0,9.0,0.50,,henried01
107,Steven Matz*,34,BOS,AL,0,0,,0.00,2,0,0,0,0,0,2.0,3,0,0,0,0,0,2,0,0,0,9,1.14,1.500,13.5,0.0,0.0,9.0,,,matzst01
108,Aaron Nola,32,PHI,NL,0,0,,0.00,1,1,0,0,0,0,2.0,1,0,0,0,0,0,3,1,0,0,8,1.64,0.500,4.5,0.0,0.0,13.5,,,nolaaa01
109,Justin Slaten,27,BOS,AL,0,0,,4.50,2,0,0,0,0,0,2.0,1,1,1,0,1,0,1,1,0,1,9,5.14,1.000,4.5,0.0,4.5,4.5,1.00,,slateju01
110,Scott Barlow,32,CIN,NL,0,0,,0.00,1,0,0,0,0,0,1.2,0,0,0,0,0,0,4,0,0,0,5,-1.67,0.000,0.0,0.0,0.0,21.6,,,barlosc01
111,Chase Burns,22,CIN,NL,0,0,,0.00,1,0,1,0,0,0,1.2,0,0,0,0,0,0,1,0,0,0,5,1.94,0.000,0.0,0.0,0.0,5.4,,,burnsch01
112,Jakob Junis,32,CLE,AL,0,0,,0.00,2,0,0,0,0,0,1.2,0,0,0,0,1,0,0,0,0,0,6,4.94,0.600,0.0,0.0,5.4,0.0,0.00,,junisja01
113,Nick Lodolo*,27,CIN,NL,0,0,,0.00,1,0,0,0,0,0,1.2,1,0,0,0,0,0,0,1,0,0,7,4.94,0.600,5.4,0.0,0.0,0.0,,,lodolni01
114,Nick Mears,28,MIL,NL,0,0,,0.00,3,0,1,0,0,0,1.2,1,0,0,0,1,0,3,0,0,1,7,1.34,1.200,5.4,0.0,5.4,16.2,3.00,,mearsni01
115,Erik Sabrowski*,27,CLE,AL,0,0,,10.80,3,0,0,0,0,0,1.2,2,2,2,0,1,0,2,0,0,0,8,2.54,1.800,10.8,0.0,5.4,10.8,2.00,,sabroer01
116,Michael Soroka,27,CHC,NL,0,0,,16.20,2,0,1,0,0,0,1.2,5,3,3,0,2,0,1,0,0,0,12,5.54,4.200,27.0,0.0,10.8,5.4,0.50,,sorokmi01
117,Garrett Whitlock,29,BOS,AL,0,1,.000,5.40,1,0,0,0,0,0,1.2,3,1,1,0,2,0,3,0,0,0,10,3.14,3.000,16.2,0.0,10.8,16.2,1.50,,whitlga01
118,Justin Wilson*,37,BOS,AL,0,0,,0.00,1,0,0,0,0,0,1.2,0,0,0,0,0,0,0,0,0,0,5,3.14,0.000,0.0,0.0,0.0,0.0,,,wilsoju10
119,Tanner Banks*,33,PHI,NL,0,0,,0.00,2,0,1,0,0,0,1.1,1,0,0,0,0,0,0,0,0,0,4,3.14,0.750,6.8,0.0,0.0,0.0,,,banksta01
120,Paul Blackburn,31,NYY,AL,0,0,,27.00,1,0,1,0,0,0,1.1,6,4,4,1,0,0,0,0,0,0,10,12.89,4.500,40.5,6.8,0.0,0.0,,,blackpa01
121,Tim Herrin*,28,CLE,AL,0,0,,0.00,2,0,0,0,0,0,1.1,1,0,0,0,0,0,3,0,0,0,5,-1.37,0.750,6.8,0.0,0.0,20.3,,,herriti01
122,Tommy Nance,34,TOR,AL,0,0,,13.50,2,0,1,0,0,0,1.1,5,2,2,0,1,1,0,0,0,0,10,5.39,4.500,33.8,0.0,6.8,0.0,0.00,,nanceto01
123,Wandy Peralta*,33,SDP,NL,0,0,,0.00,2,0,1,0,0,0,1.1,2,0,0,0,0,0,1,0,0,0,5,1.64,1.500,13.5,0.0,0.0,6.8,,,peralwa01
124,Brent Suter*,35,CIN,NL,0,0,,6.75,1,0,0,0,0,0,1.1,4,2,1,0,0,0,2,0,0,0,8,0.14,3.000,27.0,0.0,0.0,13.5,,,suterbr01
125,Graham Ashcraft,27,CIN,NL,0,0,,0.00,1,0,1,0,0,0,1.0,2,0,0,0,0,0,0,1,0,0,6,6.14,2.000,18.0,0.0,0.0,0.0,,,ashcrgr01
126,Yu Darvish,38,SDP,NL,0,1,.000,18.00,1,1,0,0,0,0,1.0,4,2,2,0,0,0,1,1,0,0,7,4.14,4.000,36.0,0.0,0.0,9.0,,,darviyu01
127,Brenan Hanifee,27,DET,AL,0,0,,18.00,1,0,1,0,0,0,1.0,2,2,2,1,0,0,0,0,0,0,5,16.14,2.000,18.0,9.0,0.0,0.0,,,hanifbr01
128,Michael King,30,SDP,NL,0,0,,0.00,1,0,0,0,0,0,1.0,1,0,0,0,0,0,3,0,0,0,4,-2.87,1.000,9.0,0.0,0.0,27.0,,,kingmi01
129,David Morgan,25,SDP,NL,0,0,,0.00,1,0,1,0,0,0,1.0,1,0,0,0,0,0,2,0,0,0,3,-0.87,1.000,9.0,0.0,0.0,18.0,,,morgada01
130,Connor Phillips,24,CIN,NL,0,0,,27.00,1,0,0,0,0,0,1.0,3,3,3,2,1,0,2,0,0,0,7,28.14,4.000,27.0,18.0,9.0,18.0,2.00,,phillco01
131,Taylor Rogers*,34,CHC,NL,0,0,,0.00,1,0,0,0,0,0,1.0,0,0,0,0,0,0,0,0,0,0,3,3.14,0.000,0.0,0.0,0.0,0.0,,,rogerta01
132,Tony Santillan,28,CIN,NL,0,0,,9.00,1,0,0,0,0,0,1.0,2,1,1,0,2,2,0,0,0,0,7,9.14,4.000,18.0,0.0,18.0,0.0,0.00,,santito01
133,Greg Weissert,30,BOS,AL,0,0,,0.00,1,0,0,0,0,0,1.0,0,0,0,0,0,0,0,0,0,0,3,3.14,0.000,0.0,0.0,0.0,0.0,,,weissgr01
134,Matt Festa,32,CLE,AL,0,0,,0.00,1,0,0,0,0,0,0.2,0,0,0,0,1,0,1,0,0,0,3,4.64,1.500,0.0,0.0,13.5,13.5,1.00,,festama01
135,Tobias Myers,26,MIL,NL,0,0,,13.50,1,0,0,0,0,0,0.2,2,1,1,0,2,0,0,0,0,0,6,12.14,6.000,27.0,0.0,27.0,0.0,0.00,,myersto01
136,Taijuan Walker,32,PHI,NL,0,0,,13.50,1,0,0,0,0,0,0.2,2,1,1,0,1,0,1,0,0,0,5,4.64,4.500,27.0,0.0,13.5,13.5,1.00,,walketa01
137,Justin Bruihl*,28,TOR,AL,0,0,,54.00,1,0,0,0,0,0,0.1,3,2,2,1,0,0,0,0,0,0,4,42.14,9.000,81.0,27.0,0.0,0.0,,,bruihju01
138,Zack Kelly,30,BOS,AL,0,0,,0.00,1,0,0,0,0,0,0.1,0,0,0,0,0,0,1,0,0,0,1,-2.87,0.000,0.0,0.0,0.0,27.0,,,kellyza01
139,Nick Martinez,34,CIN,NL,0,0,,81.00,1,0,0,0,0,0,0.1,4,4,3,0,1,1,0,0,0,0,7,12.14,15.000,108.0,0.0,27.0,0.0,0.00,,martini01
140,David Robertson,40,PHI,NL,0,1,.000,54.00,1,0,0,0,0,0,0.1,1,2,2,0,0,0,0,1,0,0,3,12.14,3.000,27.0,0.0,0.0,0.0,,,roberda08
141,Payton Tolle*,22,BOS,AL,0,0,,0.00,1,0,1,0,0,0,0.1,0,0,0,0,0,0,0,0,0,0,1,3.14,0.000,0.0,0.0,0.0,0.0,,,tollepa01
142,Luke Weaver,31,NYY,AL,0,1,.000,135.00,3,0,1,0,0,0,0.1,4,5,5,0,2,0,0,0,0,0,7,12.14,18.000,108.0,0.0,54.0,0.0,0.00,,weavelu01
143,Rafael Montero,34,DET,AL,0,0,,,1,0,0,0,0,0,0.0,2,1,1,0,1,0,0,0,0,0,3,,,,,,,0.00,,montera01
,League Average,,,,,,.500,3.64,,,,,,,,,,,,,,,,,,,4.10,1.239,7.7,1.2,3.4,9.1,2.66,,-9999