Rk,Player,Age,Team,Lg,W,L,W-L%,ERA,G,GS,GF,CG,SHO,SV,IP,H,R,ER,HR,BB,IBB,SO,HBP,BK,WP,BF,FIP,WHIP,H9,HR9,BB9,SO9,SO/BB,Awards,Player-additional
1,Gerrit Cole,28,HOU,ALWS,4,1,.800,1.72,5,5,0,0,0,0,36.2,21,7,7,4,11,0,47,0,0,0,138,2.97,0.873,5.2,1.0,2.7,11.5,4.27,,colege01
2,Stephen Strasburg,30,WSN,NLWS,5,0,1.000,1.98,6,5,0,0,0,0,36.1,30,9,8,4,4,1,47,0,0,1,142,2.39,0.936,7.4,1.0,1.0,11.6,11.75,WS MVP,strasst01
3,Justin Verlander,36,HOU,ALWS,1,4,.200,4.33,6,6,0,0,0,0,35.1,30,17,17,8,14,0,38,0,0,0,146,5.20,1.245,7.6,2.0,3.6,9.7,2.71,,verlaju01
4,Max Scherzer,34,WSN,NLWS,3,0,1.000,2.40,6,5,0,0,0,0,30.0,21,8,8,4,15,1,37,0,0,1,125,3.98,1.200,6.3,1.2,4.5,11.1,2.47,,scherma01
5,Zack Greinke,35,HOU,ALWS,0,2,.000,4.68,5,5,0,0,0,0,25.0,24,13,13,6,10,0,25,1,0,1,107,5.65,1.360,8.6,2.2,3.6,9.0,2.50,,greinza01
6,Patrick Corbin*,29,WSN,NLWS,2,3,.400,5.79,8,3,0,0,0,0,23.1,21,16,15,2,12,1,36,1,0,0,103,2.91,1.414,8.1,0.8,4.6,13.9,3.00,,corbipa01
7,Aníbal Sánchez,35,WSN,NLWS,1,1,.500,2.50,3,3,0,0,0,0,18.0,15,5,5,2,4,0,18,2,0,0,75,3.66,1.056,7.5,1.0,2.0,9.0,4.50,,sanchan01
8,Jack Flaherty,23,STL,NL,1,2,.333,4.24,3,3,0,0,0,0,17.0,17,8,8,2,4,0,22,1,0,3,72,3.04,1.235,9.0,1.1,2.1,11.6,5.50,,flaheja01
9,Adam Wainwright,37,STL,NL,0,1,.000,1.62,3,2,0,0,0,0,16.2,13,3,3,1,3,1,19,0,0,0,65,2.25,0.960,7.0,0.5,1.6,10.3,6.33,,wainwad01
10,Masahiro Tanaka,30,NYY,AL,2,1,.667,2.25,3,3,0,0,0,0,16.0,8,5,4,1,4,0,12,1,0,0,59,3.46,0.750,4.5,0.6,2.3,6.8,3.00,,tanakma01
11,James Paxton*,30,NYY,AL,1,0,1.000,3.46,3,3,0,0,0,0,13.0,13,5,5,2,7,0,20,0,0,1,58,3.75,1.538,9.0,1.4,4.8,13.8,2.86,,paxtoja01
12,Walker Buehler,24,LAD,NL,1,0,1.000,0.71,2,2,0,0,0,0,12.2,5,1,1,0,6,0,15,1,0,0,49,2.50,0.868,3.6,0.0,4.3,10.7,2.50,,buehlwa01
13,Miles Mikolas,30,STL,NL,1,1,.500,1.50,3,2,1,0,0,0,12.0,10,2,2,0,4,1,9,0,0,0,50,2.71,1.167,7.5,0.0,3.0,6.8,2.25,,mikolmi01
14,Sean Doolittle*,32,WSN,NLWS,0,0,,1.74,9,0,4,0,0,2,10.1,6,2,2,1,1,0,8,0,0,0,37,3.21,0.677,5.2,0.9,0.9,7.0,8.00,,doolise01
15,Charlie Morton,35,TBR,AL,2,0,1.000,0.90,2,2,0,0,0,0,10.0,8,2,1,1,5,0,13,0,0,0,43,3.41,1.300,7.2,0.9,4.5,11.7,2.60,,mortoch02
16,Roberto Osuna,24,HOU,ALWS,1,0,1.000,3.60,9,0,6,0,0,2,10.0,7,4,4,1,5,0,9,0,0,1,42,4.21,1.200,6.3,0.9,4.5,8.1,1.80,,osunaro01
17,José Urquidy,24,HOU,ALWS,1,0,1.000,0.90,4,1,1,0,0,0,10.0,9,1,1,1,2,0,12,1,0,0,41,3.01,1.100,8.1,0.9,1.8,10.8,6.00,,urquijo01
18,Will Harris,34,HOU,ALWS,0,1,.000,1.86,12,0,2,0,0,1,9.2,8,2,2,2,1,0,11,0,0,0,37,3.94,0.931,7.4,1.9,0.9,10.2,11.00,,harriwi10
19,Daniel Hudson,32,WSN,NLWS,1,0,1.000,3.72,9,0,6,0,0,4,9.2,11,4,4,1,4,2,10,1,0,0,45,4.04,1.552,10.2,0.9,3.7,9.3,2.50,,hudsoda01
20,Joe Smith,35,HOU,ALWS,0,0,,3.12,10,0,1,0,0,0,8.2,6,3,3,1,2,0,7,0,0,0,34,3.79,0.923,6.2,1.0,2.1,7.3,3.50,,smithjo05
21,Luis Severino,25,NYY,AL,0,1,.000,2.16,2,2,0,0,0,0,8.1,9,2,2,2,5,0,10,0,0,0,39,5.73,1.680,9.7,2.2,5.4,10.8,2.00,,severlu01
22,Zack Britton*,31,NYY,AL,0,0,,1.13,7,0,0,0,0,0,8.0,2,1,1,1,6,1,6,0,0,2,32,5.59,1.000,2.3,1.1,6.8,6.8,1.00,,brittza01
23,Tommy Kahnle,29,NYY,AL,1,0,1.000,2.25,8,0,0,0,0,0,8.0,4,2,2,1,3,0,8,0,0,0,32,3.96,0.875,4.5,1.1,3.4,9.0,2.67,,kahnlto01
24,Dallas Keuchel*,31,ATL,NL,0,0,,4.50,2,2,0,0,0,0,8.0,9,4,4,3,4,1,4,0,0,0,35,8.59,1.625,10.1,3.4,4.5,4.5,1.00,,keuchda01
25,Mike Foltynewicz,27,ATL,NL,1,1,.500,7.36,2,2,0,0,0,0,7.1,6,7,6,0,3,1,7,0,0,0,32,2.53,1.227,7.4,0.0,3.7,8.6,2.33,,foltymi01
26,Tyler Glasnow,25,TBR,AL,0,2,.000,7.71,2,2,0,0,0,0,7.0,9,6,6,1,3,0,8,0,0,0,33,4.07,1.714,11.6,1.3,3.9,10.3,2.67,,glasnty01
27,Joe Ross,26,WSN,WS,0,1,.000,5.14,2,1,0,0,0,0,7.0,6,4,4,2,2,0,1,0,0,1,27,7.50,1.143,7.7,2.6,2.6,1.3,0.50,,rossjo01
28,Michael Soroka,21,ATL,NL,0,0,,1.29,1,1,0,0,0,0,7.0,2,1,1,0,0,0,7,0,0,0,23,1.21,0.286,2.6,0.0,0.0,9.0,,,sorokmi01
29,Chad Green,28,NYY,AL,1,0,1.000,6.75,6,1,0,0,0,0,6.2,6,5,5,2,1,0,6,0,0,0,27,5.76,1.050,8.1,2.7,1.4,8.1,6.00,,greench03
30,Josh James,26,HOU,ALWS,2,0,1.000,5.40,9,0,2,0,0,0,6.2,8,6,4,2,7,0,14,0,0,0,35,6.06,2.250,10.8,2.7,9.5,18.9,2.00,,jamesjo02
31,Tanner Rainey,26,WSN,NLWS,0,0,,6.75,9,0,1,0,0,0,6.2,3,5,5,1,5,0,6,0,0,1,28,5.61,1.200,4.1,1.4,6.8,8.1,1.20,,raineta01
32,Clayton Kershaw*,31,LAD,NL,0,1,.000,7.11,2,1,0,0,0,0,6.1,8,5,5,2,1,0,5,2,0,0,30,7.16,1.421,11.4,2.8,1.4,7.1,5.00,,kershcl01
33,Nick Anderson,28,TBR,AL,0,0,,1.59,4,0,0,0,0,0,5.2,5,1,1,0,0,0,8,0,0,1,21,0.39,0.882,7.9,0.0,0.0,12.7,,,anderni01
34,Diego Castillo,25,TBR,AL,0,0,,0.00,4,1,0,0,0,0,5.2,5,0,0,0,2,0,8,0,0,0,23,1.45,1.235,7.9,0.0,3.2,12.7,4.00,,castidi01
35,Brad Peacock,31,HOU,ALWS,0,0,,3.18,5,1,1,0,0,0,5.2,3,2,2,0,4,0,7,0,0,0,25,2.86,1.235,4.8,0.0,6.4,11.1,1.75,,peacobr01
36,Ryan Pressly,30,HOU,ALWS,1,0,1.000,11.12,10,0,1,0,0,0,5.2,12,8,7,0,3,1,6,0,0,1,32,2.68,2.647,19.1,0.0,4.8,9.5,2.00,,pressry01
37,Aroldis Chapman*,31,NYY,AL,0,1,.000,3.38,5,0,4,0,0,2,5.1,2,2,2,1,4,0,9,0,0,0,22,4.53,1.125,3.4,1.7,6.8,15.2,2.25,,chapmar01
38,Ryan Helsley,24,STL,NL,0,0,,0.00,5,0,1,0,0,0,5.1,1,0,0,0,1,0,8,0,0,0,18,0.78,0.375,1.7,0.0,1.7,13.5,8.00,,helslry01
39,Blake Snell*,26,TBR,AL,0,1,.000,1.69,3,1,1,0,0,1,5.1,4,1,1,1,0,0,7,0,0,0,20,3.03,0.750,6.8,1.7,0.0,11.8,,,snellbl01
40,Dakota Hudson,24,STL,NL,0,1,.000,9.00,2,2,0,0,0,0,5.0,10,11,5,1,3,1,2,0,0,0,28,6.81,2.600,18.0,1.8,5.4,3.6,0.67,,hudsoda02
41,Andrew Miller*,34,STL,NL,0,0,,0.00,6,0,1,0,0,0,5.0,1,0,0,0,2,1,6,1,0,0,18,2.61,0.600,1.8,0.0,3.6,10.8,3.00,,millean01
42,Jake Odorizzi,29,MIN,AL,0,1,.000,3.60,1,1,0,0,0,0,5.0,5,2,2,1,0,0,5,0,0,1,20,3.81,1.000,9.0,1.8,0.0,9.0,,,odorija01
43,Hyun Jin Ryu*,32,LAD,NL,1,0,1.000,3.60,1,1,0,0,0,0,5.0,4,2,2,1,2,1,3,0,0,0,20,5.81,1.200,7.2,1.8,3.6,5.4,1.50,,ryuhy01
44,Kenta Maeda,31,LAD,NL,0,0,,0.00,4,0,0,0,0,0,4.2,1,0,0,0,0,0,7,0,0,0,15,0.21,0.214,1.9,0.0,0.0,13.5,,,maedake01
45,Fernando Rodney,42,WSN,NLWS,0,0,,3.86,6,0,0,0,0,0,4.2,4,2,2,1,9,1,5,0,0,1,27,9.64,2.786,7.7,1.9,17.4,9.6,0.56,,rodnefe01
46,Giovanny Gallegos,27,STL,NL,0,0,,2.08,5,0,0,0,0,0,4.1,3,1,1,0,3,1,6,0,0,0,19,2.52,1.385,6.2,0.0,6.2,12.5,2.00,,gallegi01
47,Colin Poche*,25,TBR,AL,0,0,,2.08,5,0,3,0,0,0,4.1,2,1,1,1,0,0,6,0,0,0,15,3.44,0.462,4.2,2.1,0.0,12.5,,,pocheco01
48,José Berríos,25,MIN,AL,0,0,,2.25,1,1,0,0,0,0,4.0,4,3,1,0,3,0,6,0,0,0,19,2.46,1.750,9.0,0.0,6.8,13.5,2.00,,berrijo01
49,Luis Cessa,27,NYY,AL,0,0,,0.00,2,0,1,0,0,0,4.0,2,0,0,0,0,0,4,1,0,0,14,1.96,0.500,4.5,0.0,0.0,9.0,,,cessalu01
50,Max Fried*,25,ATL,NL,0,0,,9.00,4,0,0,0,0,0,4.0,5,4,4,0,3,0,6,0,0,1,21,2.46,2.000,11.3,0.0,6.8,13.5,2.00,,friedma01
51,Brandon Woodruff,26,MIL,NL,0,0,,2.25,1,1,0,0,0,0,4.0,2,1,1,1,0,0,3,0,0,0,14,4.96,0.500,4.5,2.3,0.0,6.8,,,woodrbr01
52,J.A. Happ*,36,NYY,AL,0,1,.000,2.45,3,0,1,0,0,0,3.2,2,1,1,1,2,0,3,0,0,0,15,6.76,1.091,4.9,2.5,4.9,7.4,1.50,,happja01
53,Carlos Martínez,27,STL,NL,1,1,.500,14.73,4,0,3,0,0,0,3.2,6,6,6,2,4,2,5,0,0,1,21,10.85,2.727,14.7,4.9,9.8,12.3,1.25,,martica04
54,Sean Newcomb*,26,ATL,NL,1,0,1.000,0.00,4,0,1,0,0,0,3.2,0,0,0,0,0,0,4,0,0,0,11,1.03,0.000,0.0,0.0,0.0,9.8,,,newcose01
55,Josh Tomlin,34,ATL,NL,0,0,,0.00,2,0,0,0,0,0,3.2,2,0,0,0,0,0,2,0,0,0,12,2.12,0.545,4.9,0.0,0.0,4.9,,,tomlijo01
56,Julio Urías*,22,LAD,NL,0,1,.000,7.36,3,0,1,0,0,0,3.2,4,3,3,0,0,0,0,0,0,0,15,3.21,1.091,9.8,0.0,0.0,0.0,,,uriasju01
57,Dustin May,21,LAD,NL,0,0,,2.70,2,0,1,0,0,0,3.1,3,1,1,0,1,0,1,0,0,0,12,3.51,1.200,8.1,0.0,2.7,2.7,1.00,,maydu01
58,Adam Ottavino,33,NYY,AL,0,0,,8.10,8,0,0,0,0,0,3.1,7,4,3,1,3,0,4,0,0,1,21,7.41,3.000,18.9,2.7,8.1,10.8,1.33,,ottavad01
59,Devin Smeltzer*,23,MIN,AL,0,0,,0.00,1,0,0,0,0,0,3.1,2,0,0,0,3,0,4,0,0,0,14,3.51,1.500,5.4,0.0,8.1,10.8,1.33,,smeltde01
60,Tyler Webb*,28,STL,NL,0,0,,5.40,5,0,1,0,0,0,3.1,4,3,2,0,1,1,5,1,0,0,16,2.01,1.500,10.8,0.0,2.7,13.5,5.00,,webbty01
61,John Brebbia,29,STL,NL,0,0,,6.00,5,0,0,0,0,0,3.0,7,2,2,1,1,0,3,0,0,0,17,6.55,2.667,21.0,3.0,3.0,9.0,3.00,,brebbjo01
62,Chris Devenski,28,HOU,WS,0,0,,9.00,3,0,3,0,0,0,3.0,3,3,3,1,1,0,3,1,0,0,14,7.55,1.333,9.0,3.0,3.0,9.0,3.00,,devench02
63,Oliver Drake,32,TBR,AL,0,0,,6.00,2,0,0,0,0,0,3.0,3,2,2,0,1,0,4,0,0,0,13,1.55,1.333,9.0,0.0,3.0,12.0,4.00,,drakeol01
64,Javy Guerra,33,WSN,WS,0,0,,3.00,2,0,2,0,0,0,3.0,6,1,1,1,0,0,1,0,0,0,15,6.88,2.000,18.0,3.0,0.0,3.0,,,guerrja01
65,Jesús Luzardo*,21,OAK,AL,0,0,,0.00,1,0,0,0,0,0,3.0,1,0,0,0,2,0,4,0,0,0,12,2.55,1.000,3.0,0.0,6.0,12.0,2.00,,luzarje01
66,Mark Melancon,34,ATL,NL,0,1,.000,12.00,3,0,2,0,0,2,3.0,8,4,4,0,2,1,4,0,0,0,18,2.55,3.333,24.0,0.0,6.0,12.0,2.00,,melanma01
67,Emilio Pagán,28,TBR,AL,0,0,,6.00,4,0,1,0,0,0,3.0,5,3,2,2,2,0,2,0,0,0,17,12.55,2.333,15.0,6.0,6.0,6.0,1.00,,paganem01
68,Ryan Yarbrough*,27,TBR,AL,1,0,1.000,0.00,3,0,0,0,0,0,3.0,2,0,0,0,1,0,1,0,0,0,11,3.55,1.000,6.0,0.0,3.0,3.0,1.00,,yarbrry01
69,Shane Greene,30,ATL,NL,0,0,,3.38,2,0,0,0,0,0,2.2,4,1,1,0,1,1,3,0,0,0,13,2.09,1.875,13.5,0.0,3.4,10.1,3.00,,greensh02
70,Rich Hill*,39,LAD,NL,0,0,,3.38,1,1,0,0,0,0,2.2,2,1,1,0,4,0,2,0,0,0,13,6.21,2.250,6.8,0.0,13.5,6.8,0.50,,hillri01
71,Luke Jackson,27,ATL,NL,0,0,,10.13,3,0,0,0,0,0,2.2,6,4,3,1,2,0,6,1,0,0,18,6.96,3.000,20.3,3.4,6.8,20.3,3.00,,jackslu01
72,Jonathan Loáisiga,24,NYY,AL,0,0,,3.38,4,0,2,0,0,0,2.2,3,2,1,0,3,0,3,0,0,2,15,4.34,2.250,10.1,0.0,10.1,10.1,1.00,,loaisjo01
73,Wade Miley*,32,HOU,AL,0,0,,6.75,1,0,0,0,0,0,2.2,4,3,2,1,1,0,1,0,0,0,14,8.46,1.875,13.5,3.4,3.4,3.4,1.00,,mileywa01
74,Yusmeiro Petit,34,OAK,AL,0,0,,3.38,1,0,0,0,0,0,2.2,2,1,1,1,0,0,2,0,0,0,10,6.59,0.750,6.8,3.4,0.0,6.8,,,petityu01
75,Chaz Roe,32,TBR,AL,0,0,,6.75,3,0,0,0,0,0,2.2,3,2,2,0,1,0,2,0,0,0,12,2.84,1.500,10.1,0.0,3.4,6.8,2.00,,roech01
76,Joe Kelly,31,LAD,NL,0,1,.000,23.14,3,0,1,0,0,0,2.1,5,6,6,1,5,1,4,0,0,1,17,11.79,4.286,19.3,3.9,19.3,15.4,0.80,,kellyjo05
77,Randy Dobnak,24,MIN,AL,0,1,.000,18.00,1,1,0,0,0,0,2.0,6,4,4,0,2,0,0,0,0,0,13,6.21,4.000,27.0,0.0,9.0,0.0,0.00,,dobnara01
78,Sean Manaea*,27,OAK,AL,0,1,.000,18.00,1,1,0,0,0,0,2.0,4,4,4,3,0,0,5,0,0,0,10,17.71,2.000,18.0,13.5,0.0,22.5,,,manaese01
79,Darren O'Day,36,ATL,NL,0,0,,0.00,4,0,0,0,0,0,2.0,1,0,0,0,0,0,2,0,0,0,6,1.21,0.500,4.5,0.0,0.0,9.0,,,odayda01
80,Drew Pomeranz*,30,MIL,NL,0,0,,0.00,1,0,0,0,0,0,2.0,0,0,0,0,0,0,2,0,0,0,6,1.21,0.000,0.0,0.0,0.0,9.0,,,pomerdr01
81,Daniel Ponce de Leon,27,STL,NL,0,0,,4.50,1,0,1,0,0,0,2.0,2,1,1,0,1,0,4,0,0,0,9,0.71,1.500,9.0,0.0,4.5,18.0,4.00,,ponceda01
82,Taylor Rogers*,28,MIN,AL,0,0,,4.50,1,0,0,0,0,0,2.0,2,1,1,0,0,0,2,0,0,0,7,1.21,1.000,9.0,0.0,0.0,9.0,,,rogerta01
83,Sergio Romo,36,MIN,AL,0,0,,9.00,2,0,0,0,0,0,2.0,2,2,2,1,2,0,1,0,0,0,10,11.71,2.000,9.0,4.5,9.0,4.5,0.50,,romose01
84,Hunter Strickland,30,WSN,NL,0,0,,18.00,2,0,2,0,0,0,2.0,4,4,4,3,1,0,3,0,0,0,11,21.21,2.500,18.0,13.5,4.5,13.5,3.00,,strichu01
85,Wander Suero,27,WSN,NLWS,0,0,,4.50,4,0,2,0,0,0,2.0,2,1,1,1,0,0,2,0,0,0,8,7.71,1.000,9.0,4.5,0.0,9.0,,,suerowa01
86,Génesis Cabrera*,22,STL,NL,0,0,,0.00,2,0,1,0,0,0,1.2,1,0,0,0,0,0,1,0,0,0,6,2.01,0.600,5.4,0.0,0.0,5.4,,,cabrege01
87,Tyler Duffey,28,MIN,AL,0,0,,21.60,2,0,0,0,0,0,1.2,3,4,4,1,2,0,4,1,0,0,11,11.61,3.000,16.2,5.4,10.8,21.6,2.00,,duffety01
88,Kenley Jansen,31,LAD,NL,0,0,,0.00,2,0,2,0,0,0,1.2,0,0,0,0,0,0,2,0,0,0,5,0.81,0.000,0.0,0.0,0.0,10.8,,,janseke01
89,Tyler Lyons*,31,NYY,AL,0,0,,0.00,2,0,1,0,0,0,1.2,0,0,0,0,0,0,4,0,0,0,5,-1.59,0.000,0.0,0.0,0.0,21.6,,,lyonsty01
90,Cody Stashak,25,MIN,AL,0,0,,10.80,2,0,0,0,0,0,1.2,3,2,2,2,1,0,0,0,0,0,9,20.61,2.400,16.2,10.8,5.4,0.0,0.00,,stashco01
91,Julio Teheran,28,ATL,NL,0,1,.000,5.40,2,0,2,0,0,0,1.2,1,1,1,0,1,1,2,0,0,0,7,2.61,1.200,5.4,0.0,5.4,10.8,2.00,,teherju01
92,Brendan McKay*,23,TBR,AL,0,0,,0.00,3,0,1,0,0,0,1.1,2,2,0,0,0,0,2,0,0,0,6,0.21,1.500,13.5,0.0,0.0,13.5,,,mckaybr01
93,Héctor Rondón,31,HOU,ALWS,0,0,,6.75,4,0,1,0,0,0,1.1,3,1,1,0,1,0,1,0,0,0,8,3.96,3.000,20.3,0.0,6.8,6.8,1.00,,rondohe01
94,Kyle Gibson,31,MIN,AL,0,0,,27.00,1,0,0,0,0,0,1.0,1,3,3,0,3,0,1,0,0,0,7,10.21,4.000,9.0,0.0,27.0,9.0,0.33,,gibsoky01
95,Brusdar Graterol,20,MIN,AL,0,0,,0.00,1,0,1,0,0,0,1.0,0,0,0,0,0,0,2,0,0,0,3,-0.79,0.000,0.0,0.0,0.0,18.0,,,gratebr01
96,Josh Hader*,25,MIL,NL,0,1,.000,18.00,1,0,1,0,0,0,1.0,2,3,2,0,1,0,2,1,0,0,6,5.21,3.000,18.0,0.0,9.0,18.0,2.00,,haderjo01
97,Liam Hendriks,30,OAK,AL,0,0,,0.00,1,0,1,0,0,0,1.0,0,0,0,0,0,0,1,0,0,0,3,1.21,0.000,0.0,0.0,0.0,9.0,,,hendrli01
98,Adam Kolarek*,30,LAD,NL,0,0,,0.00,3,0,0,0,0,0,1.0,0,0,0,0,0,0,2,0,0,0,3,-0.79,0.000,0.0,0.0,0.0,18.0,,,kolarad01
99,Trevor May,29,MIN,AL,0,0,,0.00,2,0,1,0,0,0,1.0,1,0,0,0,0,0,2,0,0,0,4,-0.79,1.000,9.0,0.0,0.0,18.0,,,maytr01
100,CC Sabathia*,38,NYY,AL,0,0,,0.00,2,0,0,0,0,0,1.0,0,0,0,0,0,0,0,1,0,0,5,6.21,0.000,0.0,0.0,0.0,0.0,,,sabatc.01
101,Ross Stripling,29,LAD,NL,0,0,,9.00,1,0,0,0,0,0,1.0,1,1,1,0,0,0,0,0,0,1,4,3.21,1.000,9.0,0.0,0.0,0.0,,,stripro01
102,Brent Suter*,29,MIL,NL,0,0,,0.00,1,0,0,0,0,0,1.0,1,0,0,0,0,0,0,0,0,0,5,3.21,1.000,9.0,0.0,0.0,0.0,,,suterbr01
103,Bryan Abreu,22,HOU,AL,0,0,,27.00,1,0,0,0,0,0,0.2,2,2,2,1,2,0,0,0,0,0,6,31.71,6.000,27.0,13.5,27.0,0.0,0.00,,abreubr01
104,Pedro Báez,31,LAD,NL,0,0,,13.50,2,0,0,0,0,0,0.2,4,1,1,1,1,0,1,0,0,0,7,24.21,7.500,54.0,13.5,13.5,13.5,1.00,,baezpe01
105,Jake Diekman*,32,OAK,AL,0,0,,0.00,1,0,0,0,0,0,0.1,0,0,0,0,0,0,0,0,0,0,1,3.21,0.000,0.0,0.0,0.0,0.0,,,diekmja01
106,Zack Littell,23,MIN,AL,0,1,.000,54.00,2,0,1,0,0,0,0.1,0,2,2,0,1,0,0,1,0,1,3,21.21,3.000,0.0,0.0,27.0,0.0,0.00,,litteza01
107,Chris Martin,33,ATL,NL,0,0,,,1,0,0,0,0,0,0.0,0,0,0,0,0,0,0,0,0,0,0,,,,,,,,,martich02
,League Average,,,,,,.500,3.73,,,,,,,,,,,,,,,,,,,4.13,1.259,7.8,1.3,3.5,10.0,2.84,,-9999