 
Rk,Player,Age,Team,Lg,W,L,W-L%,ERA,G,GS,GF,CG,SHO,SV,IP,H,R,ER,HR,BB,IBB,SO,HBP,BK,WP,BF,FIP,WHIP,H9,HR9,BB9,SO9,SO/BB,Awards,Player-additional
1,Nathan Eovaldi,33,TEX,ALWS,5,0,1.000,2.95,6,6,0,0,0,0,36.2,31,12,12,3,10,1,41,1,0,0,153,2.98,1.118,7.6,0.7,2.5,10.1,4.10,,eovalna01
2,Zac Gallen,27,ARI,NLWS,2,3,.400,4.54,6,6,0,0,0,0,33.2,31,17,17,6,14,0,24,1,0,2,141,5.48,1.337,8.3,1.6,3.7,6.4,1.71,,galleza01
3,Jordan Montgomery*,30,TEX,ALWS,3,1,.750,2.90,6,5,0,0,0,0,31.0,37,11,10,3,5,1,17,0,0,1,135,3.90,1.355,10.7,0.9,1.5,4.9,3.40,,montgjo01
4,Zack Wheeler,33,PHI,NL,3,0,1.000,1.95,5,4,0,0,0,0,27.2,17,7,6,3,3,0,35,0,0,1,103,2.46,0.723,5.5,1.0,1.0,11.4,11.67,,wheelza01
5,Merrill Kelly,34,ARI,NLWS,3,1,.750,2.25,4,4,0,0,0,0,24.0,12,6,6,4,8,0,28,0,0,0,91,4.09,0.833,4.5,1.5,3.0,10.5,3.50,,kellyme01
6,Aaron Nola,30,PHI,NL,3,1,.750,2.35,4,4,0,0,0,0,23.0,18,6,6,2,4,0,23,1,0,0,89,3.04,0.957,7.0,0.8,1.6,9.0,5.75,,nolaaa01
7,Brandon Pfaadt,24,ARI,NLWS,0,1,.000,3.27,5,5,0,0,0,0,22.0,19,8,8,3,5,0,26,0,0,0,87,3.35,1.091,7.8,1.2,2.0,10.6,5.20,,pfaadbr01
8,Ranger Suarez*,27,PHI,NL,1,1,.500,1.93,4,4,0,0,0,0,18.2,13,4,4,1,2,0,19,0,0,0,71,2.24,0.804,6.3,0.5,1.0,9.2,9.50,,suarera01
9,Justin Verlander,40,HOU,AL,1,1,.500,2.95,3,3,0,0,0,0,18.1,16,6,6,3,6,0,14,1,0,0,75,5.00,1.200,7.9,1.5,2.9,6.9,2.33,,verlaju01
10,José Leclerc,29,TEX,ALWS,1,1,.500,3.29,13,0,12,0,0,4,13.2,9,5,5,3,6,0,14,0,0,0,55,5.38,1.098,5.9,2.0,4.0,9.2,2.33,,leclejo01
11,Pablo López,27,MIN,AL,2,0,1.000,0.71,2,2,0,0,0,0,12.2,11,1,1,0,3,0,10,1,0,1,52,2.62,1.105,7.8,0.0,2.1,7.1,3.33,,lopezpa01
12,Spencer Strider,24,ATL,NL,0,2,.000,2.84,2,2,0,0,0,0,12.2,12,5,4,4,5,1,15,1,0,1,52,6.41,1.342,8.5,2.8,3.6,10.7,3.00,,stridsp01
13,Josh Sborz,29,TEX,ALWS,0,0,,0.75,10,0,1,0,0,1,12.0,4,1,1,0,4,0,13,0,0,0,43,2.09,0.667,3.0,0.0,3.0,9.8,3.25,,sborzjo01
14,Framber Valdez*,29,HOU,AL,0,3,.000,9.00,3,3,0,0,0,0,12.0,19,13,12,4,6,0,17,1,0,0,61,6.51,2.083,14.3,3.0,4.5,12.8,2.83,,valdefr01
15,Kevin Ginkel,29,ARI,NLWS,1,0,1.000,0.00,10,0,0,0,0,0,11.2,8,0,0,0,5,0,15,0,0,1,46,1.97,1.114,6.2,0.0,3.9,11.6,3.00,,ginkeke01
16,Ryan Thompson,31,ARI,NLWS,1,0,1.000,2.31,9,0,0,0,0,0,11.2,11,3,3,0,4,1,8,0,0,1,46,2.91,1.286,8.5,0.0,3.1,6.2,2.00,,thompry02
17,Andrew Heaney*,32,TEX,ALWS,1,0,1.000,4.09,5,3,1,0,0,0,11.0,11,5,5,0,4,0,4,0,0,0,47,3.62,1.364,9.0,0.0,3.3,3.3,1.00,,heanean01
18,Cristian Javier,26,HOU,AL,2,1,.667,4.09,3,3,0,0,0,0,11.0,8,5,5,2,7,0,12,1,0,0,49,5.62,1.364,6.5,1.6,5.7,9.8,1.71,,javiecr01
19,Paul Sewald,33,ARI,NLWS,1,0,1.000,5.40,10,0,9,0,0,6,10.0,9,6,6,2,3,1,16,3,0,0,45,4.46,1.200,8.1,1.8,2.7,14.4,5.33,,sewalpa01
20,José Urquidy,28,HOU,AL,1,0,1.000,5.40,3,2,0,0,0,0,10.0,10,6,6,5,2,0,8,0,0,0,41,8.76,1.200,9.0,4.5,1.8,7.2,4.00,,urquijo01
21,Max Scherzer,38,TEX,ALWS,0,1,.000,6.52,3,3,0,0,0,0,9.2,11,7,7,2,5,1,7,1,0,2,42,6.36,1.655,10.2,1.9,4.7,6.5,1.40,,scherma01
22,Sonny Gray,33,MIN,AL,1,1,.500,4.00,2,2,0,0,0,0,9.0,13,5,4,2,3,0,12,0,0,1,43,4.48,1.778,13.0,2.0,3.0,12.0,4.00,,grayso01
23,Bryan Abreu,26,HOU,AL,0,0,,4.32,9,0,1,0,0,0,8.1,6,4,4,1,2,0,14,2,0,1,35,2.90,0.960,6.5,1.1,2.2,15.1,7.00,,abreubr01
24,Hector Neris,34,HOU,AL,0,0,,6.48,7,0,0,0,0,0,8.1,6,6,6,3,5,0,8,1,0,0,37,8.18,1.320,6.5,3.2,5.4,8.6,1.60,,nerishe01
25,José Alvarado*,28,PHI,NL,0,0,,1.13,8,0,1,0,0,0,8.0,7,1,1,0,3,1,6,0,0,1,33,2.88,1.250,7.9,0.0,3.4,6.8,2.00,,alvarjo03
26,Aroldis Chapman*,35,TEX,ALWS,0,0,,2.25,9,0,0,0,0,0,8.0,7,2,2,1,5,0,6,1,0,1,34,5.63,1.500,7.9,1.1,5.6,6.8,1.20,,chapmar01
27,Cody Bradford*,25,TEX,ALWS,1,0,1.000,1.17,5,0,0,0,0,0,7.2,4,1,1,1,0,0,5,0,0,0,27,3.65,0.522,4.7,1.2,0.0,5.9,,,bradfco01
28,Joe Mantiply*,32,ARI,NLWS,2,1,.667,4.70,9,2,0,0,0,0,7.2,6,5,4,0,4,1,6,0,0,0,33,3.26,1.304,7.0,0.0,4.7,7.0,1.50,,mantijo01
29,Hunter Brown,24,HOU,AL,0,0,,2.57,4,0,1,0,0,0,7.0,6,2,2,1,1,0,6,0,0,0,26,3.83,1.000,7.7,1.3,1.3,7.7,6.00,,brownhu01
30,Dane Dunning,28,TEX,ALWS,1,1,.500,5.14,5,0,0,0,0,0,7.0,8,4,4,1,5,0,5,0,0,0,32,5.83,1.857,10.3,1.3,6.4,6.4,1.00,,dunnida01
31,Jeff Hoffman,30,PHI,NL,1,1,.500,2.57,8,0,0,0,0,0,7.0,5,2,2,1,1,0,9,1,0,0,27,3.40,0.857,6.4,1.3,1.3,11.6,9.00,,hoffmje02
32,Luis Frías,25,ARI,NLWS,0,0,,1.35,7,0,3,0,0,0,6.2,3,4,1,2,3,0,8,0,0,0,27,6.11,0.900,4.1,2.7,4.1,10.8,2.67,,friaslu01
33,Ryne Nelson,25,ARI,NLWS,0,0,,5.68,3,0,0,0,0,0,6.1,10,4,4,1,1,0,7,0,0,0,30,3.57,1.737,14.2,1.4,1.4,9.9,7.00,,nelsory01
34,Miguel Castro,28,ARI,NLWS,0,1,.000,10.50,8,0,1,0,0,0,6.0,7,7,7,1,5,1,4,0,0,1,30,6.59,2.000,10.5,1.5,7.5,6.0,0.80,,castrmi01
35,Craig Kimbrel,35,PHI,NL,0,2,.000,6.00,7,0,4,0,0,3,6.0,6,4,4,1,5,0,5,1,1,0,29,6.76,1.833,9.0,1.5,7.5,7.5,1.00,,kimbrcr01
36,Phil Maton,30,HOU,AL,0,0,,0.00,6,0,0,0,0,0,6.0,1,0,0,0,1,0,7,0,0,0,20,1.42,0.333,1.5,0.0,1.5,10.5,7.00,,matonph01
37,Ryan Pressly,34,HOU,AL,1,0,1.000,0.00,5,0,5,0,0,3,6.0,2,0,0,0,2,0,10,0,0,1,21,0.92,0.667,3.0,0.0,3.0,15.0,5.00,,pressry01
38,Jon Gray,31,TEX,ALWS,1,0,1.000,1.59,3,0,0,0,0,0,5.2,4,1,1,0,1,0,8,0,0,0,22,0.96,0.882,6.4,0.0,1.6,12.7,8.00,,grayjo02
39,Andrew Saalfrank*,25,ARI,NLWS,0,0,,3.18,11,0,3,0,0,0,5.2,3,3,2,0,8,0,2,1,0,1,27,7.31,1.941,4.8,0.0,12.7,3.2,0.25,,saalfan01
40,Seranthony Domínguez,28,PHI,NL,0,0,,0.00,6,0,0,0,0,0,5.1,6,1,0,0,3,0,7,0,0,0,26,2.32,1.688,10.1,0.0,5.1,11.8,2.33,,dominse01
41,Orion Kerkering,22,PHI,NL,0,0,,3.38,7,0,1,0,0,0,5.1,7,2,2,0,3,0,5,0,0,0,26,3.07,1.875,11.8,0.0,5.1,8.4,1.67,,kerkeor01
42,Matt Strahm*,31,PHI,NL,0,0,,0.00,7,0,3,0,0,1,5.1,3,0,0,0,2,0,5,0,0,0,20,2.51,0.938,5.1,0.0,3.4,8.4,2.50,,strahma01
43,Jhoan Duran,25,MIN,AL,0,0,,0.00,4,0,4,0,0,2,5.0,2,0,0,0,1,0,6,0,0,0,18,1.46,0.600,3.6,0.0,1.8,10.8,6.00,,duranjh01
44,Zach Eflin,29,TBR,AL,0,1,.000,7.20,1,1,0,0,0,0,5.0,8,5,4,2,2,1,3,0,0,0,24,8.46,2.000,14.4,3.6,3.6,5.4,1.50,,eflinza01
45,Tyler Glasnow,29,TBR,AL,0,1,.000,5.40,1,1,0,0,0,0,5.0,6,4,3,0,5,0,8,0,0,1,28,3.06,2.200,10.8,0.0,9.0,14.4,1.60,,glasnty01
46,Rafael Montero,32,HOU,AL,0,0,,3.60,5,0,2,0,0,0,5.0,2,3,2,0,3,0,8,1,0,0,21,2.46,1.000,3.6,0.0,5.4,14.4,2.67,,montera01
47,Kyle Nelson*,26,ARI,NLWS,0,0,,3.60,5,0,0,0,0,0,5.0,6,4,2,2,2,0,1,0,0,0,22,9.26,1.600,10.8,3.6,3.6,1.8,0.50,,nelsoky01
48,Freddy Peralta,27,MIL,NL,0,1,.000,7.20,1,1,0,0,0,0,5.0,3,4,4,1,2,0,5,0,0,0,20,5.06,1.000,5.4,1.8,3.6,9.0,2.50,,peralfr01
49,Kyle Bradish,26,BAL,AL,0,1,.000,3.86,1,1,0,0,0,0,4.2,7,2,2,0,1,0,9,0,0,0,22,0.04,1.714,13.5,0.0,1.9,17.4,9.00,,bradiky01
50,Martín Pérez*,32,TEX,ALWS,0,0,,9.64,3,0,3,0,0,0,4.2,9,5,5,0,3,0,2,0,0,0,24,4.33,2.571,17.4,0.0,5.8,3.9,0.67,,perezma02
51,Bailey Ober,27,MIN,AL,0,1,.000,12.46,2,1,0,0,0,0,4.1,8,6,6,4,1,0,4,1,0,0,23,14.79,2.077,16.6,8.3,2.1,8.3,4.00,,oberba01
52,Corbin Burnes,28,MIL,NL,0,1,.000,9.00,1,1,0,0,0,0,4.0,5,4,4,3,2,0,5,0,0,0,19,12.01,1.750,11.3,6.8,4.5,11.3,2.50,,burneco01
53,Max Fried*,29,ATL,NL,0,0,,6.75,1,1,0,0,0,0,4.0,6,3,3,1,4,0,3,0,0,1,22,8.01,2.500,13.5,2.3,9.0,6.8,0.75,,friedma01
54,Kevin Gausman,32,TOR,AL,0,1,.000,6.75,1,1,0,0,0,0,4.0,3,3,3,2,3,0,5,0,0,0,18,9.51,1.500,6.8,4.5,6.8,11.3,1.67,,gausmke01
55,Jesús Luzardo*,25,MIA,NL,0,1,.000,6.75,1,1,0,0,0,0,4.0,8,3,3,0,0,0,5,0,0,2,19,0.76,2.000,18.0,0.0,0.0,11.3,,,luzarje01
56,Kenta Maeda,35,MIN,AL,0,0,,6.75,2,0,0,0,0,0,4.0,6,3,3,0,3,0,4,0,0,1,20,3.51,2.250,13.5,0.0,6.8,9.0,1.33,,maedake01
57,Ryne Stanek,31,HOU,AL,1,0,1.000,6.75,4,0,2,0,0,0,4.0,4,3,3,1,0,0,1,1,0,0,16,6.76,1.000,9.0,2.3,0.0,2.3,,,stanery01
58,Chris Stratton,32,TEX,ALWS,0,0,,9.00,4,0,0,0,0,0,4.0,4,4,4,1,2,0,3,0,0,0,18,6.51,1.500,9.0,2.3,4.5,6.8,1.50,,stratch01
59,Griffin Jax,28,MIN,AL,0,0,,0.00,4,0,1,0,0,0,3.2,1,0,0,0,0,0,5,0,0,0,12,0.53,0.273,2.5,0.0,0.0,12.3,,,jaxgr01
60,Chris Paddack,27,MIN,AL,0,0,,0.00,2,0,0,0,0,0,3.2,1,0,0,0,0,0,6,0,0,0,12,-0.02,0.273,2.5,0.0,0.0,14.7,,,paddach01
61,Emmet Sheehan,23,LAD,NL,0,0,,7.36,1,0,0,0,0,0,3.2,4,3,3,1,2,0,4,1,0,0,18,7.07,1.636,9.8,2.5,4.9,9.8,2.00,,sheehem01
62,DL Hall*,24,BAL,AL,0,0,,0.00,2,0,0,0,0,0,3.1,1,0,0,0,1,0,6,0,0,0,12,0.56,0.600,2.7,0.0,2.7,16.2,6.00,,halldl01
63,Will Smith*,33,TEX,ALWS,0,0,,10.80,5,0,0,0,0,0,3.1,3,4,4,1,3,0,4,1,0,0,16,8.36,1.800,8.1,2.7,8.1,10.8,1.33,,smithwi04
64,Tyler Wells,28,BAL,AL,0,0,,0.00,3,0,0,0,0,0,3.1,1,0,0,0,0,0,3,0,0,0,11,1.46,0.300,2.7,0.0,0.0,8.1,,,wellsty01
65,José Berríos,29,TOR,AL,0,1,.000,3.00,1,1,0,0,0,0,3.0,3,1,1,0,1,0,5,0,0,0,12,0.92,1.333,9.0,0.0,3.0,15.0,5.00,,berrijo01
66,J.P. France,28,HOU,AL,0,0,,12.00,2,0,0,0,0,0,3.0,6,4,4,0,2,0,2,0,0,0,16,3.92,2.667,18.0,0.0,6.0,6.0,1.00,,francjp01
67,Braxton Garrett*,25,MIA,NL,0,1,.000,6.00,1,1,0,0,0,0,3.0,3,2,2,0,1,0,5,0,0,0,13,0.92,1.333,9.0,0.0,3.0,15.0,5.00,,garrebr01
68,Kyle Gibson,35,BAL,AL,0,0,,3.00,1,0,0,0,0,0,3.0,1,1,1,1,1,0,1,0,0,0,10,7.92,0.667,3.0,3.0,3.0,3.0,1.00,,gibsoky01
69,Brusdar Graterol,24,LAD,NL,0,0,,0.00,2,0,0,0,0,0,3.0,1,0,0,0,1,0,2,0,0,0,10,2.92,0.667,3.0,0.0,3.0,6.0,2.00,,gratebr01
70,Gregory Soto*,28,PHI,NL,0,0,,6.00,5,0,3,0,0,0,3.0,5,2,2,0,2,0,3,0,0,0,16,3.26,2.333,15.0,0.0,6.0,9.0,1.50,,sotogr01
71,Brock Stewart,31,MIN,AL,0,0,,6.00,3,0,0,0,0,0,3.0,1,2,2,1,1,0,4,0,0,0,11,5.92,0.667,3.0,3.0,3.0,12.0,4.00,,stewabr01
72,Caleb Thielbar*,36,MIN,AL,0,1,.000,9.00,4,0,0,0,0,0,3.0,4,3,3,2,1,0,2,0,0,0,12,11.59,1.667,12.0,6.0,3.0,6.0,2.00,,thielca01
73,Bryce Elder,24,ATL,NL,0,1,.000,20.25,1,1,0,0,0,0,2.2,5,6,6,2,1,0,4,0,0,0,14,11.13,2.250,16.9,6.8,3.4,13.5,4.00,,elderbr01
74,Pierce Johnson,32,ATL,NL,0,0,,0.00,3,0,0,0,0,0,2.2,2,0,0,0,2,0,4,0,0,1,13,2.51,1.500,6.8,0.0,6.8,13.5,2.00,,johnspi01
75,Michael Lorenzen,31,PHI,NL,0,0,,0.00,2,0,1,0,0,0,2.2,2,0,0,0,2,0,1,0,0,0,11,4.76,1.500,6.8,0.0,6.8,3.4,0.50,,lorenmi01
76,Lance Lynn,36,LAD,NL,0,1,.000,13.50,1,1,0,0,0,0,2.2,6,4,4,4,0,0,1,0,0,0,14,22.01,2.250,20.3,13.5,0.0,3.4,,,lynnla01
77,AJ Smith-Shawver,20,ATL,NL,0,0,,10.13,1,0,0,0,0,0,2.2,3,3,3,3,1,0,3,0,0,0,12,16.76,1.500,10.1,10.1,3.4,10.1,3.00,,smithaj01
78,Ryan Brasier,35,LAD,NL,0,0,,3.86,1,0,0,0,0,0,2.1,1,1,1,1,0,0,3,0,0,0,7,6.26,0.429,3.9,3.9,0.0,11.6,,,brasiry01
79,Caleb Ferguson*,26,LAD,NL,0,0,,0.00,2,0,1,0,0,0,2.1,0,0,0,0,1,0,2,0,0,0,8,2.83,0.429,0.0,0.0,3.9,7.7,2.00,,ferguca01
80,Raisel Iglesias,33,ATL,NL,0,0,,0.00,3,0,3,0,0,1,2.1,0,0,0,0,0,0,2,0,0,0,6,1.54,0.000,0.0,0.0,0.0,7.7,,,iglesra01
81,Hoby Milner*,32,MIL,NL,0,0,,0.00,2,0,0,0,0,0,2.1,2,0,0,0,0,0,2,0,0,0,8,1.54,0.857,7.7,0.0,0.0,7.7,,,milneho01
82,A.J. Minter*,29,ATL,NL,1,0,1.000,0.00,3,0,0,0,0,0,2.1,3,1,0,0,2,0,1,0,0,0,12,4.97,2.143,11.6,0.0,7.7,3.9,0.50,,minteaj01
83,Evan Phillips,28,LAD,NL,0,0,,0.00,2,0,2,0,0,0,2.1,2,0,0,0,1,1,3,1,0,0,12,3.26,1.286,7.7,0.0,3.9,11.6,3.00,,phillev01
84,Cristopher Sánchez*,26,PHI,NL,0,0,,3.86,1,1,0,0,0,0,2.1,2,2,1,0,1,0,1,0,0,1,11,3.68,1.286,7.7,0.0,3.9,3.9,1.00,,sanchcr01
85,Slade Cecconi,24,ARI,NL,0,0,,0.00,2,0,1,0,0,0,2.0,2,0,0,0,0,0,1,0,0,0,6,2.26,1.000,9.0,0.0,0.0,4.5,,,ceccosl01
86,Chris Devenski,32,TBR,AL,0,0,,0.00,1,0,0,0,0,0,2.0,1,0,0,0,0,0,0,0,0,0,7,3.26,0.500,4.5,0.0,0.0,0.0,,,devench02
87,Jack Flaherty,27,BAL,AL,0,0,,4.50,1,0,0,0,0,0,2.0,2,1,1,0,3,0,1,0,0,0,10,6.76,2.500,9.0,0.0,13.5,4.5,0.33,,flaheja01
88,Michael Grove,26,LAD,NL,0,0,,4.50,2,0,0,0,0,0,2.0,1,1,1,1,2,0,2,0,0,0,9,10.76,1.500,4.5,4.5,9.0,9.0,1.00,,grovemi01
89,Zack Littell,27,TBR,AL,0,0,,0.00,1,0,1,0,0,0,2.0,0,0,0,0,0,0,4,1,0,0,7,0.76,0.000,0.0,0.0,0.0,18.0,,,litteza01
90,Shelby Miller,32,LAD,NL,0,0,,0.00,1,0,0,0,0,0,2.0,1,0,0,0,0,0,3,0,0,0,7,0.26,0.500,4.5,0.0,0.0,13.5,,,millesh01
91,Emilio Pagán,32,MIN,AL,0,0,,0.00,2,0,1,0,0,0,2.0,0,0,0,0,1,0,1,0,0,0,7,3.76,0.500,0.0,0.0,4.5,4.5,1.00,,paganem01
92,David Robertson,38,MIA,NL,0,0,,9.00,1,0,0,0,0,0,2.0,2,2,2,1,0,0,4,0,0,0,8,5.76,1.000,9.0,4.5,0.0,18.0,,,roberda08
93,Joe Ryan,27,MIN,AL,0,0,,4.50,1,1,0,0,0,0,2.0,2,1,1,1,0,0,1,0,0,0,8,8.76,1.000,9.0,4.5,0.0,4.5,,,ryanjo04
94,Alex Vesia*,27,LAD,NL,0,0,,4.50,2,0,0,0,0,0,2.0,1,1,1,1,0,0,2,0,0,0,7,7.76,0.500,4.5,4.5,0.0,9.0,,,vesiaal01
95,Jacob Webb,29,BAL,AL,0,0,,9.00,2,0,0,0,0,0,2.0,2,2,2,2,1,0,1,0,0,0,9,16.76,1.500,9.0,9.0,4.5,4.5,1.00,,webbja01
96,Joe Kelly,35,LAD,NL,0,0,,0.00,1,0,0,0,0,0,1.2,2,0,0,0,1,0,3,0,0,0,8,1.46,1.800,10.8,0.0,5.4,16.2,3.00,,kellyjo05
97,Yusei Kikuchi*,32,TOR,AL,0,0,,5.40,1,0,0,0,0,0,1.2,3,1,1,0,1,0,0,0,0,0,8,5.06,2.400,16.2,0.0,5.4,0.0,0.00,,kikucyu01
98,Dean Kremer,27,BAL,AL,0,1,.000,32.40,1,1,0,0,0,0,1.2,7,6,6,2,1,1,0,0,0,0,13,20.66,4.800,37.8,10.8,5.4,0.0,0.00,,kremede01
99,Bobby Miller,24,LAD,NL,0,1,.000,16.20,1,1,0,0,0,0,1.2,4,3,3,0,2,0,1,0,0,0,11,5.66,3.600,21.6,0.0,10.8,5.4,0.50,,millebo06
100,Joel Payamps,29,MIL,NL,0,0,,0.00,1,0,0,0,0,0,1.2,1,0,0,0,1,0,2,0,0,0,6,2.66,1.200,5.4,0.0,5.4,10.8,2.00,,payamjo01
101,Elvis Peguero,26,MIL,NL,0,0,,0.00,2,0,0,0,0,0,1.2,1,0,0,0,0,0,2,0,0,0,6,0.86,0.600,5.4,0.0,0.0,10.8,,,pegueel01
102,Cionel Pérez*,27,BAL,AL,0,0,,0.00,2,0,1,0,0,0,1.2,1,0,0,0,1,0,4,0,0,0,7,0.26,1.200,5.4,0.0,5.4,21.6,4.00,,perezci01
103,Grayson Rodriguez,23,BAL,AL,0,1,.000,27.00,1,1,0,0,0,0,1.2,6,5,5,0,4,0,2,0,0,0,15,8.06,6.000,32.4,0.0,21.6,10.8,0.50,,rodrigr01
104,Yennier Cano,29,BAL,AL,0,0,,6.75,2,0,2,0,0,0,1.1,2,1,1,0,1,0,0,0,0,0,7,5.51,2.250,13.5,0.0,6.8,0.0,0.00,,canoye01
105,Yimi García,32,TOR,AL,0,0,,0.00,1,0,0,0,0,0,1.1,0,0,0,0,1,0,3,0,0,0,5,1.01,0.750,0.0,0.0,6.8,20.3,3.00,,garciyi01
106,Chad Green,32,TOR,AL,0,0,,0.00,1,0,0,0,0,0,1.1,0,0,0,0,0,0,1,0,0,0,4,1.76,0.000,0.0,0.0,0.0,6.8,,,greench03
107,Andrew Nardi*,24,MIA,NL,0,0,,13.50,1,0,0,0,0,0,1.1,1,3,2,1,1,0,2,0,0,0,7,12.26,1.500,6.8,6.8,6.8,13.5,2.00,,nardian01
108,Jordan Romano,30,TOR,AL,0,0,,0.00,1,0,1,0,0,0,1.1,1,0,0,0,0,0,1,1,0,0,6,4.01,0.750,6.8,0.0,0.0,6.8,,,romanjo03
109,Erik Swanson,29,TOR,AL,0,0,,0.00,2,0,0,0,0,0,1.1,0,0,0,0,3,0,2,0,0,0,7,7.01,2.250,0.0,0.0,20.3,13.5,0.67,,swanser01
110,Abner Uribe,23,MIL,NL,0,0,,6.75,2,0,0,0,0,0,1.1,2,1,1,0,2,0,1,0,0,1,8,6.26,3.000,13.5,0.0,13.5,6.8,0.50,,uribeab01
111,Shawn Armstrong,32,TBR,AL,0,0,,0.00,1,0,0,0,0,0,1.0,1,0,0,0,0,0,1,0,0,0,4,1.26,1.000,9.0,0.0,0.0,9.0,,,armstsh01
112,Huascar Brazobán,33,MIA,NL,0,0,,0.00,1,0,0,0,0,0,1.0,0,0,0,0,1,0,2,0,0,0,4,2.26,1.000,0.0,0.0,9.0,18.0,2.00,,brazohu01
113,Danny Coulombe*,33,BAL,AL,0,0,,0.00,2,0,0,0,0,0,1.0,0,0,0,0,1,0,1,0,0,0,4,4.26,1.000,0.0,0.0,9.0,9.0,1.00,,couloda01
114,Jake Diekman*,36,TBR,AL,0,0,,0.00,1,0,0,0,0,0,1.0,1,0,0,0,1,0,2,0,0,0,5,2.26,2.000,9.0,0.0,9.0,18.0,2.00,,diekmja01
115,Brad Hand*,33,ATL,NL,0,0,,9.00,1,0,0,0,0,0,1.0,1,1,1,1,1,0,2,0,0,0,5,15.26,2.000,9.0,9.0,9.0,18.0,2.00,,handbr01
116,Daysbel Hernández,26,ATL,NL,0,0,,0.00,1,0,1,0,0,0,1.0,0,0,0,0,1,0,0,1,0,0,4,9.26,1.000,0.0,0.0,9.0,0.0,0.00,,hernada03
117,Jordan Hicks,26,TOR,AL,0,0,,0.00,1,0,1,0,0,0,1.0,1,0,0,0,2,0,2,0,0,0,6,5.26,3.000,9.0,0.0,18.0,18.0,1.00,,hicksjo03
118,Joe Jiménez,28,ATL,NL,0,0,,0.00,1,0,0,0,0,0,1.0,1,0,0,0,1,0,1,0,0,0,5,4.26,2.000,9.0,0.0,9.0,9.0,1.00,,jimenjo02
119,Andrew Kittredge,33,TBR,AL,0,0,,0.00,1,0,1,0,0,0,1.0,1,0,0,0,0,0,1,0,0,0,4,1.26,1.000,9.0,0.0,0.0,9.0,,,kittran01
120,Trevor Megill,29,MIL,NL,0,0,,0.00,1,0,1,0,0,0,1.0,0,0,0,0,0,0,3,0,0,0,3,-2.75,0.000,0.0,0.0,0.0,27.0,,,megiltr01
121,Steven Okert*,31,MIA,NL,0,0,,9.00,1,0,1,0,0,0,1.0,2,1,1,0,0,0,1,0,0,0,5,1.26,2.000,18.0,0.0,0.0,9.0,,,okertst01
122,Colin Poche*,29,TBR,AL,0,0,,18.00,1,0,0,0,0,0,1.0,3,2,2,0,0,0,2,0,0,0,6,-0.75,3.000,27.0,0.0,0.0,18.0,,,pocheco01
123,A.J. Puk*,28,MIA,NL,0,0,,0.00,1,0,0,0,0,0,1.0,1,0,0,0,0,0,1,0,0,0,4,1.26,1.000,9.0,0.0,0.0,9.0,,,pukaj01
124,Tanner Scott*,28,MIA,NL,0,0,,0.00,1,0,1,0,0,0,1.0,0,0,0,0,0,0,1,0,0,0,3,1.26,0.000,0.0,0.0,0.0,9.0,,,scottta01
125,George Soriano,24,MIA,NL,0,0,,0.00,1,0,0,0,0,0,1.0,0,0,0,0,0,0,1,0,0,0,3,1.26,0.000,0.0,0.0,0.0,9.0,,,soriage01
126,Kirby Yates,36,ATL,NL,0,0,,0.00,1,0,0,0,0,0,1.0,1,1,0,0,1,0,2,0,0,0,5,2.26,2.000,9.0,0.0,9.0,18.0,2.00,,yateski01
127,Brock Burke*,26,TEX,ALWS,0,0,,67.50,2,0,0,0,0,0,0.2,4,5,5,0,1,0,0,0,0,0,7,7.76,7.500,54.0,0.0,13.5,0.0,0.00,,burkebr01
128,Génesis Cabrera*,26,TOR,AL,0,0,,0.00,1,0,0,0,0,0,0.2,0,0,0,0,0,0,2,0,0,0,2,-2.75,0.000,0.0,0.0,0.0,27.0,,,cabrege01
129,JT Chargois,32,MIA,NL,0,0,,0.00,1,0,0,0,0,0,0.2,1,0,0,0,1,1,0,0,0,1,4,7.76,3.000,13.5,0.0,13.5,0.0,0.00,,chargjt01
130,Michael Tonkin,33,ATL,NL,0,0,,0.00,1,0,0,0,0,0,0.2,2,0,0,0,0,0,1,0,0,0,4,0.26,3.000,27.0,0.0,0.0,13.5,,,tonkimi01
131,Louis Varland,25,MIN,AL,0,0,,0.00,2,0,0,0,0,0,0.2,2,0,0,0,0,0,1,0,0,0,4,0.26,3.000,27.0,0.0,0.0,13.5,,,varlalo01
132,Devin Williams,28,MIL,NL,0,0,,27.00,1,0,0,0,0,0,0.2,1,2,2,0,3,0,1,0,0,1,5,13.76,6.000,13.5,0.0,40.5,13.5,0.33,,willide03
133,Bryan Baker,28,BAL,AL,0,0,,81.00,1,0,0,0,0,0,0.1,0,3,3,0,3,0,0,0,0,0,4,30.26,9.000,0.0,0.0,81.0,0.0,0.00,,bakerbr01
134,Clayton Kershaw*,35,LAD,NL,0,1,.000,162.00,1,1,0,0,0,0,0.1,6,6,6,1,1,0,0,0,0,0,8,51.26,21.000,162.0,27.0,27.0,0.0,0.00,,kershcl01
135,Tim Mayza*,31,TOR,AL,0,0,,0.00,1,0,0,0,0,0,0.1,1,0,0,0,0,0,0,0,0,0,2,3.26,3.000,27.0,0.0,0.0,0.0,,,mayzati01
136,Bryse Wilson,25,MIL,NL,0,0,,0.00,1,0,1,0,0,0,0.1,0,0,0,0,0,0,0,0,0,0,1,3.26,0.000,0.0,0.0,0.0,0.0,,,wilsobr02
,League Average,,,,,,.500,3.91,,,,,,,,,,,,,,,,,,,4.47,1.293,8.2,1.4,3.5,9.1,2.63,,-9999