Rk,Player,Age,Team,Lg,W,L,W-L%,ERA,G,GS,GF,CG,SHO,SV,IP,H,R,ER,HR,BB,IBB,SO,HBP,BK,WP,BF,FIP,WHIP,H9,HR9,BB9,SO9,SO/BB,Awards,Player-additional
1,Clayton Kershaw*,32,LAD,NLWS,4,1,.800,2.93,5,5,0,0,0,0,30.2,23,10,10,4,5,0,37,0,0,0,114,2.96,0.913,6.8,1.2,1.5,10.9,7.40,,kershcl01
2,Blake Snell*,27,TBR,ALWS,2,2,.500,3.03,6,6,0,0,0,0,29.2,20,10,10,5,14,0,37,0,0,2,118,4.30,1.146,6.1,1.5,4.2,11.2,2.64,,snellbl01
3,Tyler Glasnow,26,TBR,ALWS,2,3,.400,6.28,6,6,0,0,0,0,28.2,26,20,20,9,17,0,40,0,0,6,126,6.26,1.500,8.2,2.8,5.3,12.6,2.35,,glasnty01
4,Walker Buehler,25,LAD,NLWS,2,0,1.000,1.80,5,5,0,0,0,0,25.0,18,5,5,2,12,0,39,0,0,1,104,2.55,1.200,6.5,0.7,4.3,14.0,3.25,,buehlwa01
5,Framber Valdez*,26,HOU,AL,3,1,.750,1.88,4,3,1,0,0,0,24.0,14,5,5,3,10,0,26,0,0,0,90,3.90,1.000,5.3,1.1,3.8,9.8,2.60,,valdefr01
6,Max Fried*,26,ATL,NL,0,1,.000,3.04,4,4,0,0,0,0,23.2,24,8,8,4,6,0,23,1,0,0,100,4.33,1.268,9.1,1.5,2.3,8.7,3.83,,friedma01
7,Julio Urías*,23,LAD,NLWS,4,0,1.000,1.17,6,2,2,0,0,1,23.0,11,4,3,3,4,0,29,0,1,1,84,2.89,0.652,4.3,1.2,1.6,11.3,7.25,,uriasju01
8,Charlie Morton,36,TBR,ALWS,3,1,.750,2.70,4,4,0,0,0,0,20.0,18,7,6,1,5,0,23,2,0,0,86,2.59,1.150,8.1,0.5,2.3,10.4,4.60,,mortoch02
9,Ian Anderson,22,ATL,NL,2,0,1.000,0.96,4,4,0,0,0,0,18.2,11,2,2,0,10,0,24,0,0,1,77,2.23,1.125,5.3,0.0,4.8,11.6,2.40,,anderia01
10,Gerrit Cole,29,NYY,AL,2,0,1.000,2.95,3,3,0,0,0,0,18.1,13,6,6,4,4,1,30,1,0,1,74,3.57,0.927,6.4,2.0,2.0,14.7,7.50,,colege01
11,José Urquidy,25,HOU,AL,0,1,.000,4.02,4,3,0,0,0,0,15.2,12,8,7,4,6,0,12,0,0,0,67,6.13,1.149,6.9,2.3,3.4,6.9,2.00,,urquijo01
12,Nick Anderson,29,TBR,ALWS,1,2,.333,5.52,10,0,3,0,0,1,14.2,16,9,9,3,4,1,9,0,0,1,61,5.44,1.364,9.8,1.8,2.5,5.5,2.25,,anderni01
13,Zack Greinke,36,HOU,AL,1,0,1.000,4.30,3,3,0,0,0,0,14.2,12,7,7,3,5,0,12,0,0,0,59,5.24,1.159,7.4,1.8,3.1,7.4,2.40,,greinza01
14,Lance McCullers Jr.,26,HOU,AL,0,2,.000,4.91,3,3,0,0,0,0,14.2,16,12,8,7,2,0,23,2,0,0,65,7.08,1.227,9.8,4.3,1.2,14.1,11.50,,mcculla02
15,Ryan Yarbrough*,28,TBR,ALWS,1,0,1.000,3.68,5,2,1,0,0,0,14.2,16,6,6,5,4,0,7,1,0,0,63,7.69,1.364,9.8,3.1,2.5,4.3,1.75,,yarbrry01
16,Sandy Alcantara,24,MIA,NL,1,1,.500,4.26,2,2,0,0,0,0,12.2,11,6,6,2,4,0,12,2,0,0,55,4.77,1.184,7.8,1.4,2.8,8.5,3.00,,alcansa01
17,Pete Fairbanks,26,TBR,ALWS,0,0,,3.65,9,0,3,0,0,3,12.1,12,5,5,3,6,1,17,0,0,3,54,5.06,1.459,8.8,2.2,4.4,12.4,2.83,,fairbpe01
18,Blake Treinen,32,LAD,NLWS,1,1,.500,4.76,11,0,1,0,0,1,11.1,9,6,6,1,1,0,10,1,0,1,44,3.10,0.882,7.1,0.8,0.8,7.9,10.00,,treinbl01
19,Chris Bassitt,31,OAK,AL,1,0,1.000,3.27,2,2,0,0,0,0,11.0,15,4,4,2,1,0,9,0,0,1,48,4.19,1.455,12.3,1.6,0.8,7.4,9.00,,bassich01
20,Diego Castillo,26,TBR,ALWS,1,0,1.000,1.64,10,0,5,0,0,3,11.0,7,3,2,0,7,0,12,1,0,0,46,3.19,1.273,5.7,0.0,5.7,9.8,1.71,,castidi01
21,Dustin May,22,LAD,NLWS,1,0,1.000,4.22,7,3,0,0,0,0,10.2,10,6,5,1,6,1,13,1,0,0,47,3.94,1.500,8.4,0.8,5.1,11.0,2.17,,maydu01
22,John Curtiss,27,TBR,ALWS,1,0,1.000,6.30,9,1,3,0,0,0,10.0,14,7,7,3,5,0,9,0,0,0,48,6.79,1.900,12.6,2.7,4.5,8.1,1.80,,curtijo02
23,Tony Gonsolin,26,LAD,NLWS,0,2,.000,8.68,4,3,0,0,0,0,9.1,9,9,9,4,9,0,13,0,0,0,46,8.87,1.929,8.7,3.9,8.7,12.5,1.44,,gonsoto01
24,Cristian Javier,23,HOU,AL,2,0,1.000,2.89,5,0,0,0,0,0,9.1,5,3,3,1,5,0,13,1,0,0,38,3.73,1.071,4.8,1.0,4.8,12.5,2.60,,javiecr01
25,Ryan Thompson,28,TBR,ALWS,0,1,.000,1.93,9,1,1,0,0,0,9.1,7,2,2,1,4,0,10,1,0,0,38,4.05,1.179,6.8,1.0,3.9,9.6,2.50,,thompry02
26,Tyler Matzek*,29,ATL,NL,1,0,1.000,1.04,7,0,0,0,0,0,8.2,6,1,1,1,3,0,14,0,0,1,34,2.50,1.038,6.2,1.0,3.1,14.5,4.67,,matzety01
27,Chris Martin,34,ATL,NL,0,1,.000,2.25,8,0,1,0,0,0,8.0,5,2,2,1,2,0,6,1,0,0,32,4.44,0.875,5.6,1.1,2.3,6.8,3.00,,martich02
28,Sixto Sánchez,21,MIA,NL,0,1,.000,4.50,2,2,0,0,0,0,8.0,8,4,4,0,5,0,8,2,0,0,38,3.82,1.625,9.0,0.0,5.6,9.0,1.60,,sanchsi01
29,Masahiro Tanaka,31,NYY,AL,0,1,.000,12.38,2,2,0,0,0,0,8.0,13,11,11,2,4,0,7,0,0,0,41,6.19,2.125,14.6,2.3,4.5,7.9,1.75,,tanakma01
30,Pedro Báez,32,LAD,NLWS,0,0,,3.52,8,0,0,0,0,0,7.2,5,3,3,2,3,0,10,0,0,0,30,5.15,1.043,5.9,2.3,3.5,11.7,3.33,,baezpe01
31,Trevor Bauer,29,CIN,NL,0,0,,0.00,1,1,0,0,0,0,7.2,2,0,0,0,0,0,12,1,0,0,27,0.45,0.261,2.3,0.0,0.0,14.1,,,bauertr01
32,Brusdar Graterol,21,LAD,NLWS,0,0,,3.52,9,0,1,0,0,1,7.2,6,3,3,0,1,0,4,0,1,0,30,2.54,0.913,7.0,0.0,1.2,4.7,4.00,,gratebr01
33,Jesús Luzardo*,22,OAK,AL,0,1,.000,8.22,2,2,0,0,0,0,7.2,11,7,7,4,2,0,7,0,0,0,34,8.93,1.696,12.9,4.7,2.3,8.2,3.50,,luzarje01
34,Ryan Pressly,31,HOU,AL,1,0,1.000,2.45,7,0,7,0,0,4,7.1,7,2,2,0,1,0,8,0,0,2,28,1.42,1.091,8.6,0.0,1.2,9.8,8.00,,pressry01
35,Zach Davies,27,SDP,NL,0,1,.000,10.29,2,2,0,0,0,0,7.0,14,8,8,2,1,0,6,0,0,0,35,5.62,2.143,18.0,2.6,1.3,7.7,6.00,,davieza02
36,Lucas Giolito,25,CHW,AL,1,0,1.000,1.29,1,1,0,0,0,0,7.0,2,1,1,0,1,0,8,0,0,0,24,1.33,0.429,2.6,0.0,1.3,10.3,8.00,,giolilu01
37,Kenley Jansen,32,LAD,NLWS,0,1,.000,5.14,8,0,6,0,0,2,7.0,6,5,4,1,2,0,8,0,0,0,29,3.62,1.143,7.7,1.3,2.6,10.3,4.00,,janseke01
38,Enoli Paredes,24,HOU,AL,0,0,,5.14,7,0,1,0,0,0,7.0,3,4,4,1,4,0,9,2,0,0,29,5.05,1.000,3.9,1.3,5.1,11.6,2.25,,pareden01
39,Yu Darvish,33,CHC,NL,0,1,.000,2.70,1,1,0,0,0,0,6.2,5,2,2,1,2,1,6,1,0,0,26,4.69,1.050,6.8,1.4,2.7,8.1,3.00,,darviyu01
40,Victor González*,24,LAD,NLWS,1,0,1.000,2.70,8,0,0,0,0,0,6.2,5,2,2,0,4,0,5,0,0,1,27,3.49,1.350,6.8,0.0,5.4,6.8,1.25,,gonzavi02
41,Alex Wood*,29,LAD,NLWS,0,0,,1.35,4,0,0,0,0,0,6.2,5,1,1,0,3,2,8,1,0,0,29,2.59,1.200,6.8,0.0,4.1,10.8,2.67,,woodal02
42,Kyle Wright,24,ATL,NL,1,1,.500,9.45,2,2,0,0,0,0,6.2,8,7,7,2,4,0,7,1,0,0,33,7.24,1.800,10.8,2.7,5.4,9.5,1.75,,wrighky01
43,Kyle Hendricks,30,CHC,NL,0,1,.000,4.26,1,1,0,0,0,0,6.1,5,3,3,1,3,0,3,1,0,0,28,6.19,1.263,7.1,1.4,4.3,4.3,1.00,,hendrky01
44,Mark Melancon,35,ATL,NL,0,0,,0.00,7,0,6,0,0,2,6.1,2,1,0,0,0,0,5,0,0,0,22,1.61,0.316,2.8,0.0,0.0,7.1,,,melanma01
45,Jack Flaherty,24,STL,NL,0,1,.000,1.50,1,1,0,0,0,0,6.0,6,1,1,0,2,0,8,0,0,0,26,1.52,1.333,9.0,0.0,3.0,12.0,4.00,,flaheja01
46,Shane Greene,31,ATL,NL,0,0,,1.50,6,0,3,0,0,0,6.0,6,1,1,0,1,0,6,0,0,1,24,1.69,1.167,9.0,0.0,1.5,9.0,6.00,,greensh02
47,A.J. Minter*,26,ATL,NL,1,0,1.000,3.00,5,1,1,0,0,0,6.0,4,2,2,2,1,0,10,0,0,0,23,4.69,0.833,6.0,3.0,1.5,15.0,10.00,,minteaj01
48,Will Smith*,30,ATL,NL,2,1,.667,4.50,7,0,0,0,0,0,6.0,2,3,3,1,3,0,7,0,0,0,24,4.52,0.833,3.0,1.5,4.5,10.5,2.33,,smithwi04
49,Bryse Wilson,22,ATL,NL,1,0,1.000,1.50,1,1,0,0,0,0,6.0,1,1,1,1,1,0,5,0,0,0,20,4.19,0.333,1.5,1.5,1.5,7.5,5.00,,wilsobr02
50,Josh Fleming*,24,TBR,ALWS,0,0,,6.35,2,0,0,0,0,0,5.2,8,4,4,1,2,0,3,0,0,0,25,5.49,1.765,12.7,1.6,3.2,4.8,1.50,,flemijo01
51,Liam Hendriks,31,OAK,AL,1,0,1.000,3.18,3,0,2,0,0,1,5.2,6,2,2,1,1,0,12,0,0,0,25,1.78,1.235,9.5,1.6,1.6,19.1,12.00,,hendrli01
52,Frankie Montas,27,OAK,AL,1,1,.500,9.53,2,1,0,0,0,0,5.2,9,6,6,2,1,0,5,0,0,0,27,6.54,1.765,14.3,3.2,1.6,7.9,5.00,,montafr02
53,Brooks Raley*,32,HOU,AL,0,1,.000,3.18,6,0,1,0,0,0,5.2,4,2,2,0,5,1,9,1,0,0,26,3.19,1.588,6.4,0.0,7.9,14.3,1.80,,raleybr01
54,Blake Taylor*,24,HOU,AL,1,0,1.000,1.59,8,0,1,0,0,0,5.2,5,1,1,1,2,0,4,1,0,0,25,5.66,1.235,7.9,1.6,3.2,6.4,2.00,,taylobl01
55,Zack Britton*,32,NYY,AL,0,0,,3.38,4,0,0,0,0,0,5.1,1,2,2,0,4,0,7,0,0,0,21,2.82,0.938,1.7,0.0,6.8,11.8,1.75,,brittza01
56,Luis Castillo,27,CIN,NL,0,1,.000,1.69,1,1,0,0,0,0,5.1,6,1,1,0,1,1,7,0,0,0,23,1.13,1.313,10.1,0.0,1.7,11.8,7.00,,castilu02
57,Dylan Floro,29,LAD,NLWS,0,0,,5.06,6,0,1,0,0,0,5.1,5,5,3,1,1,0,7,0,0,0,22,3.57,1.125,8.4,1.7,1.7,11.8,7.00,,florody01
58,Chad Green,29,NYY,AL,1,0,1.000,3.38,4,0,0,0,0,0,5.1,6,2,2,1,1,0,8,0,0,0,23,3.19,1.313,10.1,1.7,1.7,13.5,8.00,,greench03
59,Aaron Loup*,32,TBR,ALWS,0,0,,3.38,9,0,0,0,0,0,5.1,5,2,2,0,2,0,7,1,0,1,24,2.25,1.313,8.4,0.0,3.4,11.8,3.50,,loupaa01
60,José Berríos,26,MIN,AL,0,0,,1.80,1,1,0,0,0,0,5.0,2,1,1,0,2,0,4,0,0,0,19,2.79,0.800,3.6,0.0,3.6,7.2,2.00,,berrijo01
61,Pablo López,24,MIA,NL,0,1,.000,3.60,1,1,0,0,0,0,5.0,3,2,2,2,0,0,7,0,0,0,19,5.59,0.600,5.4,3.6,0.0,12.6,,,lopezpa01
62,Kenta Maeda,32,MIN,AL,0,0,,0.00,1,1,0,0,0,0,5.0,2,0,0,0,3,0,5,0,0,0,20,2.99,1.000,3.6,0.0,5.4,9.0,1.67,,maedake01
63,Adrián Morejón*,21,SDP,NL,0,1,.000,5.40,3,1,0,0,0,0,5.0,3,3,3,0,2,0,4,1,0,1,23,3.39,1.000,5.4,0.0,3.6,7.2,2.00,,morejad01
64,Emilio Pagán,29,SDP,NL,1,0,1.000,0.00,5,0,0,0,0,0,5.0,2,0,0,0,2,0,3,0,0,0,19,3.19,0.800,3.6,0.0,3.6,5.4,1.50,,paganem01
65,Aaron Slegers,27,TBR,AL,0,0,,1.80,3,0,2,0,0,0,5.0,4,1,1,0,2,1,3,0,0,0,21,3.19,1.200,7.2,0.0,3.6,5.4,1.50,,slegeaa01
66,Shane Bieber,25,CLE,AL,0,1,.000,13.50,1,1,0,0,0,0,4.2,9,7,7,2,2,0,7,0,0,0,25,7.05,2.357,17.4,3.9,3.9,13.5,3.50,,biebesh01
67,Aroldis Chapman*,32,NYY,AL,1,1,.500,1.93,3,0,3,0,0,1,4.2,2,1,1,1,1,0,8,0,0,0,17,3.19,0.643,3.9,1.9,1.9,15.4,8.00,,chapmar01
68,Jake Diekman*,33,OAK,AL,0,0,,3.86,6,0,2,0,0,1,4.2,3,2,2,1,2,0,5,1,0,0,20,5.76,1.071,5.8,1.9,3.9,9.6,2.50,,diekmja01
69,Craig Stammen,36,SDP,NL,0,0,,5.79,4,1,0,0,0,0,4.2,5,3,3,0,2,1,4,0,0,1,21,2.76,1.500,9.6,0.0,3.9,7.7,2.00,,stammcr01
70,J.B. Wendelken,27,OAK,AL,0,1,.000,3.86,4,0,0,0,0,0,4.2,5,6,2,1,1,0,4,0,0,0,21,4.91,1.286,9.6,1.9,1.9,7.7,4.00,,wendejb01
71,Brandon Woodruff,27,MIL,NL,0,1,.000,5.79,1,1,0,0,0,0,4.2,5,3,3,0,0,0,9,0,0,0,19,-0.67,1.071,9.6,0.0,0.0,17.4,,,woodrbr01
72,Sean Manaea*,28,OAK,AL,0,1,.000,8.31,1,1,0,0,0,0,4.1,5,4,4,2,1,0,2,0,0,0,18,8.96,1.385,10.4,4.2,2.1,4.2,2.00,,manaese01
73,Shane McClanahan*,,TBR,ALWS,0,0,,8.31,4,0,2,0,0,0,4.1,8,5,4,2,2,0,4,0,0,0,24,8.73,2.308,16.6,4.2,4.2,8.3,2.00,,mcclash01
74,Yusmeiro Petit,35,OAK,AL,0,0,,12.46,5,0,0,0,0,0,4.1,8,6,6,1,1,1,4,1,0,0,22,5.73,2.077,16.6,2.1,2.1,8.3,4.00,,petityu01
75,Luis Cessa,28,NYY,AL,0,0,,4.50,3,0,2,0,0,0,4.0,3,2,2,0,3,0,3,0,0,0,18,3.94,1.500,6.8,0.0,6.8,6.8,1.00,,cessalu01
76,Josh James,27,HOU,AL,0,0,,9.00,3,0,0,0,0,0,4.0,5,4,4,2,1,0,3,0,0,0,16,8.94,1.500,11.3,4.5,2.3,6.8,3.00,,jamesjo02
77,Pierce Johnson,29,SDP,NL,0,0,,4.50,5,0,0,0,0,0,4.0,3,2,2,0,2,0,7,1,0,0,18,1.94,1.250,6.8,0.0,4.5,15.8,3.50,,johnspi01
78,Jordan Montgomery*,27,NYY,AL,0,0,,2.25,1,1,0,0,0,0,4.0,3,1,1,0,3,0,4,0,0,0,17,3.44,1.500,6.8,0.0,6.8,9.0,1.33,,montgjo01
79,Drew Pomeranz*,31,SDP,NL,0,0,,0.00,5,0,0,0,0,0,4.0,3,2,0,0,3,0,4,1,0,0,19,4.19,1.500,6.8,0.0,6.8,9.0,1.33,,pomerdr01
80,Trevor Rosenthal,30,SDP,NL,0,0,,13.50,4,0,4,0,0,1,4.0,5,6,6,1,5,0,6,1,0,0,23,7.94,2.500,11.3,2.3,11.3,13.5,1.20,,rosentr01
81,Andre Scrubb,25,HOU,AL,0,0,,2.25,4,0,2,0,0,0,4.0,4,1,1,1,2,0,7,0,0,0,18,4.44,1.500,9.0,2.3,4.5,15.8,3.50,,scruban01
82,Joakim Soria,36,OAK,AL,0,0,,6.75,4,0,0,0,0,0,4.0,5,3,3,1,2,0,1,0,0,0,18,7.44,1.750,11.3,2.3,4.5,2.3,0.50,,soriajo01
83,Huascar Ynoa,22,ATL,NL,0,0,,0.00,1,0,0,0,0,0,4.0,1,0,0,0,4,0,4,1,0,0,18,4.94,1.250,2.3,0.0,9.0,9.0,1.00,,ynoahu01
84,Jimmy Cordero,28,CHW,AL,0,0,,0.00,2,0,0,0,0,0,3.2,1,0,0,0,1,0,2,0,0,0,12,2.92,0.545,2.5,0.0,2.5,4.9,2.00,,cordeji01
85,Joe Kelly,32,LAD,NLWS,0,0,,2.45,5,0,2,0,0,1,3.2,4,1,1,0,2,0,3,0,0,0,16,3.19,1.636,9.8,0.0,4.9,7.4,1.50,,kellyjo05
86,Kwang Hyun Kim*,31,STL,NL,0,0,,7.36,1,1,0,0,0,0,3.2,5,3,3,0,2,0,2,0,0,0,18,3.74,1.909,12.3,0.0,4.9,4.9,1.00,,kimkw01
87,Mike Minor*,32,OAK,AL,0,0,,0.00,3,0,0,0,0,0,3.2,2,0,0,0,1,0,2,2,0,0,14,4.55,0.818,4.9,0.0,2.5,4.9,2.00,,minormi01
88,Brad Boxberger,32,MIA,NL,1,0,1.000,0.00,3,0,0,0,0,0,3.1,0,0,0,0,2,0,2,0,1,0,12,3.79,0.600,0.0,0.0,5.4,5.4,1.00,,boxbebr01
89,Yimi García,29,MIA,NL,0,0,,8.10,4,0,0,0,0,0,3.1,4,3,3,1,1,0,3,1,1,0,16,7.09,1.500,10.8,2.7,2.7,8.1,3.00,,garciyi01
90,Dallas Keuchel*,32,CHW,AL,0,1,.000,8.10,1,1,0,0,0,0,3.1,6,5,3,2,0,0,4,0,0,0,17,8.59,1.800,16.2,5.4,0.0,10.8,,,keuchda01
91,Adam Kolarek*,31,LAD,NLWS,0,0,,13.50,4,0,2,0,0,0,3.1,9,5,5,1,3,1,3,0,0,0,22,7.99,3.600,24.3,2.7,8.1,8.1,1.00,,kolarad01
92,Phil Maton,27,CLE,AL,0,0,,2.70,2,0,0,0,0,0,3.1,1,1,1,0,1,0,1,0,1,0,12,3.49,0.600,2.7,0.0,2.7,2.7,1.00,,matonph01
93,Alex Reyes,25,STL,NL,0,0,,2.70,2,0,2,0,0,1,3.1,2,3,1,1,2,1,3,0,0,0,15,7.09,1.200,5.4,2.7,5.4,8.1,1.50,,reyesal02
94,Adam Wainwright,38,STL,NL,0,0,,5.40,1,1,0,0,0,0,3.1,6,2,2,0,2,0,3,0,0,1,17,3.19,2.400,16.2,0.0,5.4,8.1,1.50,,wainwad01
95,Carlos Carrasco,33,CLE,AL,0,0,,12.00,1,1,0,0,0,0,3.0,2,4,4,1,3,0,6,0,0,0,14,6.52,1.667,6.0,3.0,9.0,18.0,2.00,,carraca01
96,Brandon Kintzler,35,MIA,NL,0,0,,0.00,3,0,3,0,0,1,3.0,3,0,0,0,0,0,5,0,0,0,12,-0.14,1.000,9.0,0.0,0.0,15.0,,,kintzbr01
97,Robbie Ray*,28,TOR,AL,0,1,.000,3.00,1,0,0,0,0,0,3.0,1,1,1,0,1,0,5,0,0,1,11,0.86,0.667,3.0,0.0,3.0,15.0,5.00,,rayro02
98,Matt Shoemaker,33,TOR,AL,0,0,,0.00,1,1,0,0,0,0,3.0,2,0,0,0,0,0,2,0,0,0,11,1.86,0.667,6.0,0.0,0.0,6.0,,,shoemma01
99,Jacob Webb,26,ATL,NL,0,0,,9.00,3,0,0,0,0,0,3.0,5,3,3,1,1,0,6,1,0,0,16,5.52,2.000,15.0,3.0,3.0,18.0,6.00,,webbja01
100,J.A. Happ*,37,NYY,AL,0,1,.000,13.50,1,0,0,0,0,0,2.2,5,4,4,2,3,0,2,0,0,0,17,14.82,3.000,16.9,6.8,10.1,6.8,0.67,,happja01
101,Michael Lorenzen,28,CIN,NL,0,0,,0.00,2,0,1,0,0,0,2.2,2,0,0,0,0,0,6,1,0,1,11,-0.18,0.750,6.8,0.0,0.0,20.3,,,lorenmi01
102,Evan Marshall,30,CHW,AL,0,1,.000,3.38,2,0,0,0,0,0,2.2,3,2,1,0,2,0,2,0,0,0,14,3.94,1.875,10.1,0.0,6.8,6.8,1.00,,marshev01
103,Jake McGee*,33,LAD,NLWS,0,0,,3.38,4,0,3,0,0,0,2.2,4,1,1,1,1,0,4,0,0,0,13,6.19,1.875,13.5,3.4,3.4,13.5,4.00,,mcgeeja01
104,Luis Patiño,20,SDP,NL,0,0,,3.38,3,0,1,0,0,0,2.2,2,1,1,0,2,0,0,0,0,0,12,5.44,1.500,6.8,0.0,6.8,0.0,0.00,,patinlu01
105,Garrett Richards,32,SDP,NL,0,1,.000,6.75,4,0,0,0,0,0,2.2,1,2,2,0,2,0,4,0,0,1,12,2.44,1.125,3.4,0.0,6.8,13.5,2.00,,richaga01
106,Lucas Sims,26,CIN,NL,0,0,,0.00,2,0,0,0,0,0,2.2,0,0,0,0,1,0,5,0,0,0,9,0.57,0.375,0.0,0.0,3.4,16.9,5.00,,simslu01
107,Josh Tomlin,35,ATL,NL,0,0,,10.13,2,0,1,0,0,0,2.2,4,3,3,1,0,0,4,0,0,0,11,5.07,1.500,13.5,3.4,0.0,13.5,,,tomlijo01
108,Lou Trivino,28,OAK,AL,0,0,,3.38,4,0,1,0,0,0,2.2,1,1,1,1,1,0,2,2,0,0,12,9.94,0.750,3.4,3.4,3.4,6.8,2.00,,trivilo01
109,Codi Heuer,23,CHW,AL,0,0,,7.71,2,0,1,0,0,0,2.1,2,2,2,1,1,0,2,0,0,0,10,8.33,1.286,7.7,3.9,3.9,7.7,2.00,,heuerco01
110,Tim Hill*,30,SDP,NL,0,0,,0.00,3,0,0,0,0,0,2.1,1,1,0,0,1,0,3,1,0,0,10,3.19,0.857,3.9,0.0,3.9,11.6,3.00,,hillti01
111,Darren O'Day,37,ATL,NL,0,0,,7.71,5,0,0,0,0,0,2.1,4,2,2,0,3,1,3,1,0,0,15,5.76,3.000,15.4,0.0,11.6,11.6,1.00,,odayda01
112,Chris Paddack,24,SDP,NL,0,1,.000,23.14,1,1,0,0,0,0,2.1,8,6,6,1,0,0,1,0,0,0,15,7.91,3.429,30.9,3.9,0.0,3.9,,,paddach01
113,Matt Strahm*,28,SDP,NL,0,0,,11.57,4,0,0,0,0,0,2.1,7,3,3,0,2,1,2,0,0,0,16,4.05,3.857,27.0,0.0,7.7,7.7,1.00,,strahma01
114,Eric Yardley,29,MIL,NL,0,0,,0.00,1,0,0,0,0,0,2.1,0,0,0,0,0,0,2,0,0,0,7,1.48,0.000,0.0,0.0,0.0,7.7,,,yardler01
115,Dan Altavilla,27,SDP,NL,0,0,,4.50,2,0,1,0,0,0,2.0,2,1,1,0,1,0,2,0,0,0,9,2.69,1.500,9.0,0.0,4.5,9.0,2.00,,altavda01
116,Richard Bleier*,33,MIA,NL,0,0,,0.00,3,0,0,0,0,0,2.0,0,0,0,0,0,0,0,0,0,0,6,3.19,0.000,0.0,0.0,0.0,0.0,,,bleieri01
117,Alex Colomé,31,CHW,AL,0,0,,0.00,2,0,2,0,0,1,2.0,0,0,0,0,1,0,1,0,0,0,7,3.69,0.500,0.0,0.0,4.5,4.5,1.00,,colomal01
118,Grant Dayton*,32,ATL,NL,0,0,,36.00,1,0,0,0,0,0,2.0,8,8,8,3,1,0,2,1,0,0,16,23.69,4.500,36.0,13.5,4.5,9.0,2.00,,daytogr01
119,Tyler Duffey,29,MIN,AL,0,0,,4.50,2,0,1,0,0,0,2.0,3,1,1,0,1,0,2,0,0,1,9,2.69,2.000,13.5,0.0,4.5,9.0,2.00,,duffety01
120,Giovanny Gallegos,28,STL,NL,1,0,1.000,9.00,2,0,0,0,0,0,2.0,3,2,2,2,1,0,3,0,0,0,10,14.69,2.000,13.5,9.0,4.5,13.5,3.00,,gallegi01
121,Luis Garcia,23,HOU,AL,0,0,,0.00,1,1,0,0,0,0,2.0,0,0,0,0,2,0,1,1,0,0,9,6.69,1.000,0.0,0.0,9.0,4.5,0.50,,garcilu05
122,Thomas Hatch,25,TOR,AL,0,0,,0.00,2,0,1,0,0,0,2.0,0,0,0,0,0,0,1,0,0,0,6,2.19,0.000,0.0,0.0,0.0,4.5,,,hatchto01
123,Cam Hill,26,CLE,AL,0,0,,9.00,1,0,0,0,0,0,2.0,3,2,2,2,0,0,2,0,0,0,9,14.19,1.500,13.5,9.0,0.0,9.0,,,hillca02
124,Adrian Houser,27,MIL,NL,0,0,,0.00,1,0,1,0,0,0,2.0,1,0,0,0,1,0,1,0,0,0,7,3.69,1.000,4.5,0.0,4.5,4.5,1.00,,housead01
125,Michael King,25,NYY,AL,0,0,,0.00,1,0,1,0,0,0,2.0,0,0,0,0,0,0,1,0,0,0,6,2.19,0.000,0.0,0.0,0.0,4.5,,,kingmi01
126,Jonathan Loáisiga,25,NYY,AL,0,0,,9.00,2,0,0,0,0,0,2.0,3,2,2,1,2,0,1,1,0,0,11,13.19,2.500,13.5,4.5,9.0,4.5,0.50,,loaisjo01
127,Trevor May,30,MIN,AL,0,0,,0.00,2,0,0,0,0,0,2.0,0,0,0,0,0,0,0,0,0,0,6,3.19,0.000,0.0,0.0,0.0,0.0,,,maytr01
128,T.J. McFarland*,31,OAK,AL,0,0,,0.00,2,0,2,0,0,0,2.0,0,0,0,0,1,0,2,0,0,0,7,2.69,0.500,0.0,0.0,4.5,9.0,2.00,,mcfartj01
129,Nick Nelson,24,NYY,AL,0,0,,0.00,2,0,1,0,0,0,2.0,1,0,0,0,0,0,2,0,0,0,7,1.19,0.500,4.5,0.0,0.0,9.0,,,nelsoni01
130,Nate Pearson,23,TOR,AL,0,0,,0.00,1,0,0,0,0,0,2.0,0,0,0,0,0,0,5,0,0,0,6,-1.81,0.000,0.0,0.0,0.0,22.5,,,pearsna01
131,Ryan Sherriff*,30,TBR,WS,0,0,,0.00,2,0,0,0,0,0,2.0,0,0,0,0,1,0,1,0,0,0,7,3.69,0.500,0.0,0.0,4.5,4.5,1.00,,sherrry01
132,Ryne Stanek,28,MIA,NL,0,0,,0.00,2,0,1,0,0,0,2.0,0,0,0,0,3,0,3,0,0,1,9,4.69,1.500,0.0,0.0,13.5,13.5,1.00,,stanery01
133,Cody Stashak,26,MIN,AL,0,1,.000,4.50,1,0,0,0,0,0,2.0,1,1,1,1,0,0,1,0,0,0,7,8.69,0.500,4.5,4.5,0.0,4.5,,,stashco01
134,Justin Topa,29,MIL,NL,0,0,,0.00,1,0,0,0,0,0,2.0,1,0,0,0,1,0,0,0,0,0,7,4.69,1.000,4.5,0.0,4.5,0.0,0.00,,topaju01
135,Austin Adams,29,SDP,NL,1,0,1.000,5.40,4,0,0,0,0,0,1.2,0,1,1,0,2,0,1,2,0,0,9,9.19,1.200,0.0,0.0,10.8,5.4,0.50,,adamsau02
136,José Alvarado*,25,TBR,AL,0,0,,0.00,2,0,0,0,0,0,1.2,1,0,0,0,3,0,4,0,0,0,9,3.79,2.400,5.4,0.0,16.2,21.6,1.33,,alvarjo03
137,Mike Fiers,35,OAK,AL,0,0,,5.40,1,1,0,0,0,0,1.2,5,1,1,1,1,0,2,0,0,0,11,10.39,3.600,27.0,5.4,5.4,10.8,2.00,,fiersmi01
138,Ryan Helsley,25,STL,NL,0,0,,5.40,2,0,0,0,0,0,1.2,1,1,1,0,0,0,2,0,0,0,6,0.79,0.600,5.4,0.0,0.0,10.8,,,helslry01
139,Raisel Iglesias,30,CIN,NL,0,0,,16.20,2,0,0,0,0,0,1.2,2,4,3,2,3,0,5,0,0,0,10,18.19,3.000,10.8,10.8,16.2,27.0,1.67,,iglesra01
140,Jeremy Jeffress,32,CHC,NL,0,0,,10.80,2,0,1,0,0,0,1.2,3,2,2,1,0,0,2,0,0,0,8,8.59,1.800,16.2,5.4,0.0,10.8,,,jeffrje01
141,Triston McKenzie,22,CLE,AL,0,0,,10.80,1,0,0,0,0,0,1.2,1,2,2,1,2,0,2,0,0,0,9,12.19,1.800,5.4,5.4,10.8,10.8,1.00,,mckentr01
142,Trevor Rogers*,22,MIA,NL,0,0,,10.80,1,0,0,0,0,0,1.2,4,3,2,0,1,0,2,0,0,0,10,2.59,3.000,21.6,0.0,5.4,10.8,2.00,,rogertr01
143,Hyun Jin Ryu*,33,TOR,AL,0,1,.000,16.20,1,1,0,0,0,0,1.2,8,7,3,2,1,0,3,0,0,0,15,16.99,5.400,43.2,10.8,5.4,16.2,3.00,,ryuhy01
144,Brent Suter*,30,MIL,NL,0,1,.000,16.20,1,1,0,0,0,0,1.2,3,3,3,0,5,0,0,0,0,0,13,12.19,4.800,16.2,0.0,27.0,0.0,0.00,,suterbr01
145,Aaron Bummer*,26,CHW,AL,0,0,,0.00,2,0,0,0,0,0,1.1,1,0,0,0,1,0,1,0,0,0,6,3.94,1.500,6.8,0.0,6.8,6.8,1.00,,bummeaa01
146,Austin Gomber*,26,STL,NL,0,0,,0.00,1,0,0,0,0,0,1.1,2,0,0,0,1,0,2,0,0,0,7,2.44,2.250,13.5,0.0,6.8,13.5,2.00,,gombeau01
147,Josh Hader*,26,MIL,NL,0,0,,0.00,1,0,0,0,0,0,1.1,0,0,0,0,0,0,2,0,0,0,4,0.19,0.000,0.0,0.0,0.0,13.5,,,haderjo01
148,Craig Kimbrel,32,CHC,NL,0,0,,0.00,1,0,0,0,0,0,1.1,0,0,0,0,2,0,2,0,0,0,5,4.69,1.500,0.0,0.0,13.5,13.5,1.00,,kimbrcr01
149,Ross Stripling,30,TOR,AL,0,0,,6.75,1,0,0,0,0,0,1.1,3,1,1,0,0,0,1,0,0,0,7,1.69,2.250,20.3,0.0,0.0,6.8,,,stripro01
150,Ryan Weathers*,,SDP,NL,0,0,,0.00,1,0,0,0,0,0,1.1,0,0,0,0,2,0,1,0,0,0,6,6.19,1.500,0.0,0.0,13.5,6.8,0.50,,weathry01
151,Nick Wittgren,29,CLE,AL,0,0,,0.00,1,0,0,0,0,0,1.1,0,0,0,0,2,0,3,0,0,0,6,3.19,1.500,0.0,0.0,13.5,20.3,1.50,,wittgni01
152,Anthony Bass,32,TOR,AL,0,0,,0.00,1,0,0,0,0,0,1.0,0,0,0,0,2,0,1,0,0,0,4,7.19,2.000,0.0,0.0,18.0,9.0,0.50,,bassan01
153,Génesis Cabrera*,23,STL,NL,0,0,,18.00,2,0,0,0,0,0,1.0,1,2,2,0,3,0,1,1,0,0,7,13.19,4.000,9.0,0.0,27.0,9.0,0.33,,cabrege01
154,Dylan Cease,24,CHW,AL,0,0,,0.00,1,0,0,0,0,0,1.0,0,0,0,0,0,0,0,0,0,0,3,3.19,0.000,0.0,0.0,0.0,0.0,,,ceasedy01
155,Mike Clevinger,29,SDP,NL,0,0,,0.00,1,1,0,0,0,0,1.0,0,0,0,0,3,0,1,0,0,1,6,10.19,3.000,0.0,0.0,27.0,9.0,0.33,,clevimi01
156,Rafael Dolis,32,TOR,AL,0,0,,0.00,1,0,1,0,0,0,1.0,1,0,0,0,0,0,0,0,0,0,3,3.19,1.000,9.0,0.0,0.0,0.0,,,dolisra01
157,Oliver Drake,33,TBR,AL,0,0,,0.00,1,0,0,0,0,0,1.0,1,0,0,0,0,0,1,0,0,0,4,1.19,1.000,9.0,0.0,0.0,9.0,,,drakeol01
158,Deivi García,21,NYY,AL,0,0,,9.00,1,1,0,0,0,0,1.0,1,1,1,1,0,0,0,1,0,0,5,19.19,1.000,9.0,9.0,0.0,0.0,,,garcide01
159,Jonathan Holder,27,NYY,AL,0,0,,0.00,1,0,0,0,0,0,1.0,0,0,0,0,0,0,1,0,0,0,3,1.19,0.000,0.0,0.0,0.0,9.0,,,holdejo02
160,James Hoyt,33,MIA,NL,0,0,,9.00,2,0,0,0,0,0,1.0,1,1,1,1,0,0,1,0,0,0,4,14.19,1.000,9.0,9.0,0.0,9.0,,,hoytja01
161,Freddy Peralta,24,MIL,NL,0,0,,9.00,1,0,0,0,0,0,1.0,1,1,1,1,0,0,1,0,0,0,4,14.19,1.000,9.0,9.0,0.0,9.0,,,peralfr01
162,Daniel Ponce de Leon,28,STL,NL,0,1,.000,27.00,1,0,0,0,0,0,1.0,2,3,3,2,1,0,2,0,0,0,6,28.19,3.000,18.0,18.0,9.0,18.0,2.00,,ponceda01
163,Drew Rasmussen,24,MIL,NL,0,0,,0.00,1,0,1,0,0,0,1.0,1,0,0,0,0,0,2,0,0,0,4,-0.81,1.000,9.0,0.0,0.0,18.0,,,rasmudr01
164,Taylor Rogers*,29,MIN,AL,0,0,,9.00,2,0,0,0,0,0,1.0,2,1,1,0,1,0,1,0,0,0,6,4.19,3.000,18.0,0.0,9.0,9.0,1.00,,rogerta01
165,Nick Vincent,33,MIA,NL,0,0,,0.00,1,0,1,0,0,0,1.0,1,0,0,0,0,0,1,0,0,0,4,1.19,1.000,9.0,0.0,0.0,9.0,,,vinceni01
166,Dan Winkler,30,CHC,NL,0,0,,0.00,1,0,1,0,0,0,1.0,0,0,0,0,0,0,2,1,0,0,4,2.19,0.000,0.0,0.0,0.0,18.0,,,winklda01
167,Ryan Borucki*,26,TOR,AL,0,0,,0.00,1,0,0,0,0,0,0.2,0,0,0,0,0,0,1,0,0,0,2,0.19,0.000,0.0,0.0,0.0,13.5,,,borucry01
168,Adam Cimber,29,CLE,AL,0,0,,40.50,1,0,0,0,0,0,0.2,2,3,3,0,1,0,0,0,0,0,5,7.69,4.500,27.0,0.0,13.5,0.0,0.00,,cimbead01
169,Garrett Crochet*,21,CHW,AL,0,0,,0.00,1,0,0,0,0,0,0.2,0,0,0,0,0,0,2,0,0,0,2,-2.81,0.000,0.0,0.0,0.0,27.0,,,crochga01
170,Dane Dunning,25,CHW,AL,0,0,,0.00,1,1,0,0,0,0,0.2,2,0,0,0,0,0,0,0,0,0,4,3.19,3.000,27.0,0.0,0.0,0.0,,,dunnida01
171,Brad Hand*,30,CLE,AL,0,1,.000,27.00,1,0,0,0,0,0,0.2,3,2,2,0,1,0,1,0,0,0,6,4.69,6.000,40.5,0.0,13.5,13.5,1.00,,handbr01
172,Andrew Miller*,35,STL,NL,0,0,,0.00,1,0,0,0,0,0,0.2,1,0,0,0,0,0,0,1,0,0,4,7.69,1.500,13.5,0.0,0.0,0.0,,,millean01
173,Adam Ottavino,34,NYY,AL,0,0,,13.50,1,0,0,0,0,0,0.2,0,1,1,0,1,0,0,0,0,0,3,7.69,1.500,0.0,0.0,13.5,0.0,0.00,,ottavad01
174,Sergio Romo,37,MIN,AL,0,1,.000,0.00,1,0,0,0,0,0,0.2,2,3,0,0,1,0,0,0,0,0,6,7.69,4.500,27.0,0.0,13.5,0.0,0.00,,romose01
175,Ryan Tepera,32,CHC,NL,0,0,,0.00,1,0,0,0,0,0,0.2,0,0,0,0,1,0,2,0,0,1,3,1.69,1.500,0.0,0.0,13.5,27.0,2.00,,teperry01
176,Tyler Webb*,29,STL,NL,0,0,,13.50,1,0,0,0,0,0,0.2,1,1,1,0,0,0,0,0,0,0,3,3.19,1.500,13.5,0.0,0.0,0.0,,,webbty01
177,Archie Bradley,27,CIN,NL,0,1,.000,27.00,1,0,0,0,0,0,0.1,2,1,1,0,0,0,0,0,0,0,3,3.19,6.000,54.0,0.0,0.0,0.0,,,bradlar01
178,Andrew Chafin*,30,CHC,NL,0,0,,0.00,1,0,0,0,0,0,0.1,0,0,0,0,0,0,0,0,0,0,1,3.19,0.000,0.0,0.0,0.0,0.0,,,chafian01
179,A.J. Cole,28,TOR,AL,0,0,,54.00,1,0,0,0,0,0,0.1,1,2,2,1,1,0,1,0,0,0,3,45.19,6.000,27.0,27.0,27.0,27.0,1.00,,coleaj01
180,Matt Foster,25,CHW,AL,0,0,,0.00,1,0,0,0,0,0,0.1,0,0,0,0,2,0,0,0,0,0,3,21.19,6.000,0.0,0.0,54.0,0.0,0.00,,fostema01
181,Óliver Pérez*,38,CLE,AL,0,0,,0.00,1,0,1,0,0,0,0.1,1,0,0,0,0,0,0,0,0,0,2,3.19,3.000,27.0,0.0,0.0,0.0,,,perezol01
182,Cal Quantrill,25,CLE,AL,0,0,,0.00,1,0,1,0,0,0,0.1,0,0,0,0,1,0,1,0,0,0,2,6.19,3.000,0.0,0.0,27.0,27.0,1.00,,quantca01
183,Caleb Thielbar*,33,MIN,AL,0,0,,0.00,1,0,1,0,0,0,0.1,1,0,0,0,0,0,0,0,0,0,2,3.19,3.000,27.0,0.0,0.0,0.0,,,thielca01
184,Kodi Whitley,25,STL,NL,0,0,,27.00,1,0,1,0,0,0,0.1,1,1,1,1,0,0,0,0,0,0,2,42.19,3.000,27.0,27.0,0.0,0.0,,,whitlko01
185,Amir Garrett*,28,CIN,NL,0,0,,,1,0,1,0,0,0,0.0,1,0,0,0,0,0,0,0,0,0,1,,,,,,,,,garream01
186,James Karinchak,24,CLE,AL,0,0,,,1,0,0,0,0,0,0.0,1,1,1,1,2,0,0,0,0,0,3,,,,,,,0.00,,karinja01
187,Carlos Rodón*,27,CHW,AL,0,0,,,1,0,0,0,0,0,0.0,1,2,2,0,2,1,0,0,0,0,3,,,,,,,0.00,,rodonca01
188,Jordan Weems,27,OAK,AL,0,0,,,1,0,0,0,0,0,0.0,2,2,2,0,1,0,0,0,0,0,3,,,,,,,0.00,,weemsjo01
,League Average,,,,,,.500,4.15,,,,,,,,,,,,,,,,,,,4.57,1.299,8.0,1.5,3.7,9.9,2.68,,-9999